xof 0303txt 0032
// Exported by ParaEngine X file exporter V0.2
ParaXHeader header{
112,97,114,97;
1,0,0,0;
1;
0;
-0.050000;-0.500000;-0.050000;;
0.050000;-0.400000;0.050000;;
3;
}
Mesh mesh_object{
187; // 187 vertices 
0.010837;-0.500273;0.005008;,
-0.028050;-0.131822;0.012110;,
-0.011020;-0.500273;0.012110;,
-0.006191;-0.131822;0.005008;,
-0.024790;-0.131822;-0.014054;,
-0.007762;-0.500273;-0.014054;,
-0.022542;0.113532;0.012110;,
-0.000682;0.113532;0.005008;,
-0.019281;0.113532;-0.014054;,
0.027535;0.309102;-0.004691;,
0.005677;0.309102;0.002411;,
0.008936;0.309102;-0.023752;,
0.053449;0.303957;-0.013410;,
-0.067302;0.293929;-0.008260;,
-0.056753;0.303998;0.054819;,
-0.178638;0.337255;-0.000572;,
-0.169334;0.347322;0.044449;,
-0.241811;0.387858;0.003789;,
-0.065522;0.303998;-0.072189;,
-0.175610;0.347322;-0.046445;,
0.034496;0.302374;0.021233;,
-0.027387;0.308860;-0.084479;,
-0.078388;0.317602;-0.045508;,
-0.077355;0.371623;-0.171024;,
-0.112680;0.380366;-0.141105;,
-0.102873;0.432737;-0.215225;,
0.031864;0.317602;-0.109162;,
-0.033779;0.380366;-0.186659;,
-0.033195;0.254372;0.036889;,
0.029439;0.304320;0.000673;,
0.013481;0.295517;-0.014044;,
0.015283;0.266300;0.081177;,
-0.120292;0.239037;0.132786;,
-0.085623;0.251108;0.164559;,
-0.179967;0.254517;0.198849;,
-0.072718;0.261208;-0.002036;,
-0.002607;0.304655;-0.028369;,
-0.155141;0.251836;0.101559;,
0.047241;0.254372;0.046157;,
0.032152;0.304320;-0.024602;,
0.013225;0.295517;-0.013972;,
0.106281;0.266300;0.016333;,
0.111530;0.239037;0.158626;,
0.154400;0.251108;0.138069;,
0.155921;0.254517;0.235794;,
-0.001993;0.261208;0.071718;,
-0.005371;0.304655;-0.003098;,
0.071061;0.251836;0.182119;,
0.080912;0.254372;-0.027479;,
0.008953;0.304320;-0.034993;,
0.013213;0.295517;-0.013707;,
0.067723;0.266300;-0.091803;,
0.207742;0.239037;-0.053865;,
0.198370;0.251108;-0.099948;,
0.294852;0.254517;-0.072237;,
0.090007;0.261208;0.027245;,
0.017809;0.304655;0.007338;,
0.217581;0.251836;-0.008118;,
0.045301;0.294918;-0.054194;,
-0.027387;0.308860;0.056814;,
0.031864;0.317602;0.081498;,
-0.077353;0.371623;0.143361;,
-0.033779;0.380366;0.158995;,
-0.102873;0.432737;0.187561;,
-0.078388;0.317602;0.017844;,
-0.112680;0.380366;0.113441;,
0.005981;0.291992;0.006011;,
0.049033;0.326283;-0.073167;,
-0.011418;0.331985;-0.095316;,
0.084002;0.408241;-0.129804;,
0.039256;0.413963;-0.142968;,
0.096992;0.476264;-0.148758;,
0.099045;0.332124;-0.032115;,
0.118309;0.414062;-0.097736;,
-0.019366;0.299973;-0.007755;,
0.094977;0.308860;-0.013831;,
0.086728;0.317602;-0.077485;,
0.194912;0.371623;-0.013833;,
0.186664;0.380366;-0.059386;,
0.245951;0.432737;-0.013831;,
0.086728;0.317602;0.049823;,
0.186664;0.380366;0.031723;,
-0.003939;0.302058;0.020141;,
0.048927;0.293929;-0.086510;,
-0.010975;0.303998;-0.108911;,
0.097938;0.337255;-0.186773;,
0.054297;0.347322;-0.201225;,
0.125748;0.387858;-0.243662;,
0.103402;0.303998;-0.053002;,
0.136151;0.347322;-0.161214;,
-0.008564;0.303229;-0.041176;,
0.058579;0.293929;0.053274;,
0.107932;0.303998;0.012597;,
0.120904;0.337255;0.145850;,
0.155241;0.347322;0.115281;,
0.156267;0.387858;0.198378;,
0.002325;0.303998;0.083695;,
0.079663;0.347322;0.166163;,
-0.049237;0.254372;-0.042473;,
0.004562;0.304320;0.005902;,
0.013627;0.295517;-0.013822;,
-0.076376;0.266300;0.017318;,
-0.167355;0.239037;-0.095675;,
-0.186858;0.251108;-0.052884;,
-0.248626;0.254517;-0.132013;,
-0.024429;0.261208;-0.092092;,
0.022280;0.304655;-0.033549;,
-0.148424;0.251836;-0.138467;,
0.026384;0.293934;-0.008349;,
-0.053698;0.342669;-0.008696;,
-0.045082;0.346094;0.055515;,
-0.098905;0.434980;-0.011134;,
-0.089314;0.438405;0.035004;,
-0.104645;0.505175;-0.011443;,
-0.038229;0.346094;-0.071609;,
-0.084410;0.438405;-0.055973;,
-0.000356;0.287254;-0.028556;,
0.058230;0.342823;0.046950;,
0.097972;0.346218;-0.004217;,
0.088011;0.435242;0.080700;,
0.114183;0.438637;0.041509;,
0.091682;0.505450;0.084860;,
0.002514;0.346218;0.080018;,
0.045867;0.438637;0.101792;,
0.029017;0.350341;0.029536;,
0.017222;0.289907;-0.011649;,
0.058941;0.350341;-0.011651;,
-0.019399;0.350341;0.013805;,
0.017222;0.289907;-0.011649;,
-0.019399;0.350341;-0.037104;,
-0.019399;0.350341;0.013805;,
0.029017;0.350341;-0.052835;,
-0.019399;0.350341;0.013805;,
0.029017;0.350341;-0.052835;,
-0.019399;0.350341;-0.037104;,
0.029017;0.350341;0.029536;,
0.058941;0.350341;-0.011651;,
0.017355;0.300518;-0.015314;,
0.026571;0.317344;0.015472;,
0.032374;0.317344;0.007484;,
0.017355;0.300518;-0.015314;,
-0.008351;0.317344;0.004125;,
0.000449;0.317344;0.006984;,
0.017355;0.300518;-0.015314;,
-0.008351;0.317344;-0.032593;,
-0.008351;0.317344;-0.023910;,
0.017355;0.300518;-0.015314;,
0.026571;0.317344;-0.043939;,
0.018045;0.317344;-0.041169;,
0.017355;0.300518;-0.015314;,
0.048153;0.317344;-0.014234;,
0.042637;0.317344;-0.021826;,
0.021285;0.254372;-0.082256;,
-0.008098;0.304320;-0.016141;,
0.013461;0.295517;-0.013615;,
-0.043966;0.266300;-0.089590;,
0.035382;0.239037;-0.211031;,
-0.011341;0.251108;-0.216359;,
0.044829;0.254517;-0.299555;,
0.076141;0.261208;-0.073995;,
0.034898;0.304655;-0.011482;,
0.081931;0.251836;-0.206253;,
0.040657;0.317344;-0.003917;,
0.048153;0.317344;-0.014234;,
0.014340;0.317344;0.011498;,
0.026571;0.317344;0.015472;,
-0.008351;0.317344;-0.007548;,
-0.008351;0.317344;0.004125;,
0.003631;0.317344;-0.036486;,
-0.008351;0.317344;-0.032593;,
0.034156;0.317344;-0.033499;,
0.026571;0.317344;-0.043939;,
0.037633;0.354536;0.051868;,
-0.041345;0.354536;0.026207;,
-0.041345;0.354536;-0.056834;,
0.037633;0.354536;-0.082495;,
0.086444;0.354536;-0.015314;,
0.086444;0.354536;-0.015314;,
0.060125;0.354536;0.020911;,
0.037633;0.354536;0.051868;,
-0.005736;0.354536;0.037777;,
-0.041345;0.354536;0.026207;,
-0.041345;0.354536;-0.018696;,
-0.041345;0.354536;-0.056834;,
0.002052;0.354536;-0.070934;,
0.037633;0.354536;-0.082495;,
0.064378;0.354536;-0.045684;;

178; // 178 faces 
3;0,1,2;,
3;1,0,3;,
3;2,4,5;,
3;4,2,1;,
3;5,3,0;,
3;3,5,4;,
3;3,6,1;,
3;6,3,7;,
3;1,8,4;,
3;8,1,6;,
3;4,7,3;,
3;7,4,8;,
3;9,6,7;,
3;6,9,10;,
3;10,8,6;,
3;8,10,11;,
3;8,9,7;,
3;9,8,11;,
3;12,13,14;,
3;15,14,13;,
3;14,15,16;,
3;15,17,16;,
3;12,18,13;,
3;19,13,18;,
3;13,19,15;,
3;19,17,15;,
3;20,21,22;,
3;23,22,21;,
3;22,23,24;,
3;23,25,24;,
3;20,26,21;,
3;27,21,26;,
3;21,27,23;,
3;27,25,23;,
3;28,29,30;,
3;29,28,31;,
3;32,31,28;,
3;31,32,33;,
3;32,34,33;,
3;35,30,36;,
3;30,35,28;,
3;37,28,35;,
3;28,37,32;,
3;37,34,32;,
3;38,39,40;,
3;39,38,41;,
3;42,41,38;,
3;41,42,43;,
3;42,44,43;,
3;45,40,46;,
3;40,45,38;,
3;47,38,45;,
3;38,47,42;,
3;47,44,42;,
3;48,49,50;,
3;49,48,51;,
3;52,51,48;,
3;51,52,53;,
3;52,54,53;,
3;55,50,56;,
3;50,55,48;,
3;57,48,55;,
3;48,57,52;,
3;57,54,52;,
3;58,59,60;,
3;61,60,59;,
3;60,61,62;,
3;61,63,62;,
3;58,64,59;,
3;65,59,64;,
3;59,65,61;,
3;65,63,61;,
3;66,67,68;,
3;69,68,67;,
3;68,69,70;,
3;69,71,70;,
3;66,72,67;,
3;73,67,72;,
3;67,73,69;,
3;73,71,69;,
3;74,75,76;,
3;77,76,75;,
3;76,77,78;,
3;77,79,78;,
3;74,80,75;,
3;81,75,80;,
3;75,81,77;,
3;81,79,77;,
3;82,83,84;,
3;85,84,83;,
3;84,85,86;,
3;85,87,86;,
3;82,88,83;,
3;89,83,88;,
3;83,89,85;,
3;89,87,85;,
3;90,91,92;,
3;93,92,91;,
3;92,93,94;,
3;93,95,94;,
3;90,96,91;,
3;97,91,96;,
3;91,97,93;,
3;97,95,93;,
3;98,99,100;,
3;99,98,101;,
3;102,101,98;,
3;101,102,103;,
3;102,104,103;,
3;105,100,106;,
3;100,105,98;,
3;107,98,105;,
3;98,107,102;,
3;107,104,102;,
3;108,109,110;,
3;111,110,109;,
3;110,111,112;,
3;111,113,112;,
3;108,114,109;,
3;115,109,114;,
3;109,115,111;,
3;115,113,111;,
3;116,117,118;,
3;119,118,117;,
3;118,119,120;,
3;119,121,120;,
3;116,122,117;,
3;123,117,122;,
3;117,123,119;,
3;123,121,119;,
3;124,125,126;,
3;127,128,124;,
3;129,125,130;,
3;131,125,129;,
3;126,125,131;,
3;132,133,134;,
3;133,132,135;,
3;136,133,135;,
3;137,138,139;,
3;140,141,142;,
3;143,144,145;,
3;146,147,148;,
3;149,150,151;,
3;152,153,154;,
3;153,152,155;,
3;156,155,152;,
3;155,156,157;,
3;156,158,157;,
3;159,154,160;,
3;154,159,152;,
3;161,152,159;,
3;152,161,156;,
3;161,158,156;,
3;137,162,163;,
3;137,139,162;,
3;140,164,165;,
3;140,142,164;,
3;143,166,167;,
3;143,145,166;,
3;146,168,169;,
3;146,148,168;,
3;149,170,171;,
3;149,151,170;,
3;139,138,172;,
3;142,141,173;,
3;145,144,174;,
3;148,147,175;,
3;151,150,176;,
3;163,162,177;,
3;162,139,178;,
3;165,164,179;,
3;164,142,180;,
3;167,166,181;,
3;166,145,182;,
3;169,168,183;,
3;168,148,184;,
3;171,170,185;,
3;170,151,186;;

MeshNormals {
187; // 187 normals 
0.971305;0.044891;0.233564;,
-0.647433;-0.007724;0.762084;,
-0.621278;-0.028712;0.783064;,
0.969742;0.011709;0.243852;,
-0.336326;-0.004176;-0.941736;,
-0.294716;-0.013621;-0.955488;,
-0.645507;0.070970;0.760450;,
0.962169;-0.074637;0.262033;,
-0.353592;0.009544;-0.935351;,
0.971395;-0.130311;0.198520;,
-0.595026;0.125220;0.793891;,
-0.236033;-0.014131;-0.971642;,
-0.082599;0.996576;0.003807;,
0.158394;0.987362;-0.005256;,
0.151655;0.970020;-0.189897;,
0.504077;0.863154;-0.029501;,
0.453337;0.845318;-0.282706;,
0.622791;0.781206;-0.043003;,
0.186651;0.969652;0.157914;,
0.472072;0.857180;0.205889;,
0.026078;0.998601;0.046003;,
0.155617;0.947721;0.278582;,
0.315406;0.930188;0.187804;,
0.327014;0.748271;0.577193;,
0.533336;0.737551;0.414211;,
0.383773;0.641004;0.664704;,
0.017704;0.928348;0.371290;,
0.097232;0.752590;0.651271;,
-0.232604;0.949560;0.210313;,
-0.535756;0.819455;0.203614;,
-0.414900;0.827124;0.379108;,
-0.344231;0.932243;0.111482;,
0.031632;0.999384;-0.015190;,
-0.171993;0.968461;-0.180284;,
0.120693;0.985186;-0.121827;,
-0.101323;0.947757;0.302473;,
-0.191371;0.715832;0.671537;,
0.184179;0.970156;0.157717;,
0.123572;0.948795;0.290722;,
0.017029;0.818552;0.574180;,
0.232353;0.827119;0.511748;,
-0.018164;0.933050;0.359287;,
-0.001481;0.999431;-0.033685;,
-0.224187;0.969233;0.101628;,
-0.076793;0.985168;-0.153450;,
0.256358;0.947757;0.189837;,
0.579534;0.715825;0.389531;,
0.206912;0.970157;-0.126426;,
0.311800;0.949560;-0.033423;,
0.553121;0.819452;0.150183;,
0.558503;0.827119;-0.062837;,
0.344016;0.932243;0.112142;,
-0.034520;0.999384;-0.006309;,
0.033177;0.968462;0.246944;,
-0.169249;0.985186;0.027620;,
0.259764;0.947757;-0.185148;,
0.549549;0.715812;-0.430823;,
-0.056299;0.970156;-0.235855;,
0.049174;0.994479;-0.092697;,
0.176985;0.939763;-0.292440;,
0.013399;0.923271;-0.383916;,
0.336365;0.748269;-0.571796;,
0.092051;0.737552;-0.668987;,
0.383775;0.641000;-0.664707;,
0.324107;0.920645;-0.217640;,
0.515412;0.752588;-0.409832;,
-0.178902;0.934586;0.307479;,
-0.301705;0.798924;0.520283;,
-0.141429;0.772905;0.618559;,
-0.441303;0.475954;0.760736;,
-0.190801;0.479016;0.856819;,
-0.473983;0.319183;0.820648;,
-0.457731;0.767753;0.448372;,
-0.622596;0.506349;0.596644;,
-0.077696;0.996969;-0.003934;,
-0.329811;0.944044;-0.002584;,
-0.335020;0.924730;0.180655;,
-0.663371;0.748271;-0.005395;,
-0.625383;0.737553;0.254779;,
-0.767535;0.641007;-0.000001;,
-0.343543;0.923375;-0.171338;,
-0.612631;0.752590;-0.241437;,
0.030285;0.997676;-0.061029;,
-0.076835;0.986255;0.146279;,
0.085852;0.968600;0.233330;,
-0.226488;0.863153;0.451297;,
0.018170;0.845316;0.533957;,
-0.274156;0.781203;0.560856;,
-0.233582;0.968275;0.088787;,
-0.414344;0.857180;0.305878;,
0.046229;0.996796;0.065277;,
-0.086245;0.987170;-0.134381;,
-0.242729;0.969303;-0.039159;,
-0.277589;0.863152;-0.421798;,
-0.471505;0.845316;-0.251244;,
-0.348640;0.781201;-0.517856;,
0.042201;0.969174;-0.242735;,
-0.057723;0.857177;-0.511777;,
-0.271897;0.949560;-0.156232;,
-0.359214;0.819454;-0.446611;,
-0.488774;0.827121;-0.277437;,
-0.212398;0.932243;-0.292933;,
0.024220;0.999384;0.025395;,
0.118308;0.968461;-0.219284;,
0.153161;0.985186;0.077137;,
-0.318978;0.947758;-0.002897;,
-0.697813;0.715825;0.025516;,
-0.093086;0.970156;0.223903;,
0.519510;0.853879;0.031611;,
0.751277;0.658485;0.044498;,
0.763114;0.629007;-0.148348;,
0.964181;0.258739;0.058390;,
0.936846;0.275693;-0.215204;,
0.995219;0.081618;0.053642;,
0.750940;0.623150;0.218569;,
0.906294;0.298928;0.298786;,
-0.336263;0.863930;-0.374904;,
-0.488715;0.664203;-0.565679;,
-0.629471;0.646252;-0.431420;,
-0.634773;0.256046;-0.729043;,
-0.810764;0.273110;-0.517757;,
-0.659594;0.078779;-0.747482;,
-0.365257;0.635088;-0.680625;,
-0.422819;0.296357;-0.856386;,
0.282909;0.362069;0.888183;,
0.018868;-0.999822;0.000002;,
0.930323;0.366741;-0.000019;,
-0.758321;0.354757;0.546898;,
0.018868;-0.999822;0.000002;,
-0.758321;0.354756;-0.546898;,
-0.758321;0.354757;0.546898;,
0.282896;0.362070;-0.888186;,
-0.758321;0.354757;0.546898;,
0.282896;0.362070;-0.888186;,
-0.758321;0.354756;-0.546898;,
0.282909;0.362069;0.888183;,
0.930323;0.366741;-0.000019;,
-0.007225;0.999814;0.017899;,
-0.195247;0.782624;-0.591083;,
-0.530287;0.755221;-0.385275;,
-0.007225;0.999814;0.017899;,
0.489963;0.790866;-0.366698;,
0.199325;0.764152;-0.613467;,
-0.007225;0.999814;0.017899;,
0.493693;0.793595;0.355633;,
0.641081;0.767473;0.000000;,
-0.007225;0.999814;0.017899;,
-0.197433;0.786852;0.584708;,
0.201011;0.759514;0.618654;,
-0.007225;0.999814;0.017899;,
-0.625550;0.780152;-0.007078;,
-0.533308;0.751959;0.387479;,
0.064566;0.949560;-0.306866;,
0.313762;0.819453;-0.479634;,
0.112841;0.827123;-0.550576;,
0.212962;0.932243;-0.292525;,
-0.016661;0.999384;0.030877;,
0.245116;0.968460;0.044761;,
-0.026033;0.985187;0.169498;,
-0.095811;0.947758;-0.304263;,
-0.239895;0.715827;-0.655776;,
-0.241705;0.970157;-0.019338;,
-0.528143;0.757513;-0.383717;,
-0.625550;0.780152;-0.007078;,
0.198131;0.767399;-0.609790;,
-0.195247;0.782624;-0.591083;,
0.638390;0.769713;0.000000;,
0.489963;0.790866;-0.366698;,
0.200259;0.761591;0.616340;,
0.493693;0.793595;0.355633;,
-0.531372;0.754050;0.386073;,
-0.197433;0.786852;0.584708;,
-0.157524;0.714221;-0.681963;,
0.583337;0.729513;-0.357112;,
0.493913;0.737922;0.459913;,
-0.285095;0.729420;0.621826;,
-0.696115;0.714690;-0.068131;,
-0.696115;0.714690;-0.068131;,
-0.626866;0.632147;-0.455444;,
-0.157524;0.714221;-0.681963;,
0.236755;0.642649;-0.728662;,
0.583337;0.729513;-0.357112;,
0.748067;0.663623;0.000000;,
0.493913;0.737922;0.459913;,
0.230372;0.666496;0.709022;,
-0.285095;0.729420;0.621826;,
-0.616426;0.647636;0.447869;;

178; // 178 faces 
3;0,1,2;,
3;1,0,3;,
3;2,4,5;,
3;4,2,1;,
3;5,3,0;,
3;3,5,4;,
3;3,6,1;,
3;6,3,7;,
3;1,8,4;,
3;8,1,6;,
3;4,7,3;,
3;7,4,8;,
3;9,6,7;,
3;6,9,10;,
3;10,8,6;,
3;8,10,11;,
3;8,9,7;,
3;9,8,11;,
3;12,13,14;,
3;15,14,13;,
3;14,15,16;,
3;15,17,16;,
3;12,18,13;,
3;19,13,18;,
3;13,19,15;,
3;19,17,15;,
3;20,21,22;,
3;23,22,21;,
3;22,23,24;,
3;23,25,24;,
3;20,26,21;,
3;27,21,26;,
3;21,27,23;,
3;27,25,23;,
3;28,29,30;,
3;29,28,31;,
3;32,31,28;,
3;31,32,33;,
3;32,34,33;,
3;35,30,36;,
3;30,35,28;,
3;37,28,35;,
3;28,37,32;,
3;37,34,32;,
3;38,39,40;,
3;39,38,41;,
3;42,41,38;,
3;41,42,43;,
3;42,44,43;,
3;45,40,46;,
3;40,45,38;,
3;47,38,45;,
3;38,47,42;,
3;47,44,42;,
3;48,49,50;,
3;49,48,51;,
3;52,51,48;,
3;51,52,53;,
3;52,54,53;,
3;55,50,56;,
3;50,55,48;,
3;57,48,55;,
3;48,57,52;,
3;57,54,52;,
3;58,59,60;,
3;61,60,59;,
3;60,61,62;,
3;61,63,62;,
3;58,64,59;,
3;65,59,64;,
3;59,65,61;,
3;65,63,61;,
3;66,67,68;,
3;69,68,67;,
3;68,69,70;,
3;69,71,70;,
3;66,72,67;,
3;73,67,72;,
3;67,73,69;,
3;73,71,69;,
3;74,75,76;,
3;77,76,75;,
3;76,77,78;,
3;77,79,78;,
3;74,80,75;,
3;81,75,80;,
3;75,81,77;,
3;81,79,77;,
3;82,83,84;,
3;85,84,83;,
3;84,85,86;,
3;85,87,86;,
3;82,88,83;,
3;89,83,88;,
3;83,89,85;,
3;89,87,85;,
3;90,91,92;,
3;93,92,91;,
3;92,93,94;,
3;93,95,94;,
3;90,96,91;,
3;97,91,96;,
3;91,97,93;,
3;97,95,93;,
3;98,99,100;,
3;99,98,101;,
3;102,101,98;,
3;101,102,103;,
3;102,104,103;,
3;105,100,106;,
3;100,105,98;,
3;107,98,105;,
3;98,107,102;,
3;107,104,102;,
3;108,109,110;,
3;111,110,109;,
3;110,111,112;,
3;111,113,112;,
3;108,114,109;,
3;115,109,114;,
3;109,115,111;,
3;115,113,111;,
3;116,117,118;,
3;119,118,117;,
3;118,119,120;,
3;119,121,120;,
3;116,122,117;,
3;123,117,122;,
3;117,123,119;,
3;123,121,119;,
3;124,125,126;,
3;127,128,124;,
3;129,125,130;,
3;131,125,129;,
3;126,125,131;,
3;132,133,134;,
3;133,132,135;,
3;136,133,135;,
3;137,138,139;,
3;140,141,142;,
3;143,144,145;,
3;146,147,148;,
3;149,150,151;,
3;152,153,154;,
3;153,152,155;,
3;156,155,152;,
3;155,156,157;,
3;156,158,157;,
3;159,154,160;,
3;154,159,152;,
3;161,152,159;,
3;152,161,156;,
3;161,158,156;,
3;137,162,163;,
3;137,139,162;,
3;140,164,165;,
3;140,142,164;,
3;143,166,167;,
3;143,145,166;,
3;146,168,169;,
3;146,148,168;,
3;149,170,171;,
3;149,151,170;,
3;139,138,172;,
3;142,141,173;,
3;145,144,174;,
3;148,147,175;,
3;151,150,176;,
3;163,162,177;,
3;162,139,178;,
3;165,164,179;,
3;164,142,180;,
3;167,166,181;,
3;166,145,182;,
3;169,168,183;,
3;168,148,184;,
3;171,170,185;,
3;170,151,186;;
}
MeshMaterialList {
 1; // Number of unique materials
 178; // Number of faces
0,0,0,0,0,0,0,0,0,0,0,0,0,0,0,0,0,0,0,0,0,0,0,0,0,0,0,0,0,0,0,0,0,0,0,0,0,0,0,0,0,0,0,0,0,0,0,0,0,0,0,0,0,0,0,0,0,0,0,0,0,0,0,0,0,0,0,0,0,0,0,0,0,0,0,0,0,0,0,0,0,0,0,0,0,0,0,0,0,0,0,0,0,0,0,0,0,0,0,0,0,0,0,0,0,0,0,0,0,0,0,0,0,0,0,0,0,0,0,0,0,0,0,0,0,0,0,0,0,0,0,0,0,0,0,0,0,0,0,0,0,0,0,0,0,0,0,0,0,0,0,0,0,0,0,0,0,0,0,0,0,0,0,0,0,0,0,0,0,0,0,0,0,0,0,0,0,0;;
Material {
0.588235;0.588235;0.588235;1.000000;;
131000.0;
0.900000;0.900000;0.900000;;
1.000000;0.000000;0.000000;;
TextureFilename {"model/04deco/v5/blockworld/05plants/03flower/Flower07.dds";}
}
}// materials
MeshTextureCoords {
187; // 187 UV
0.860536;-0.007161;,
0.950084;-0.334826;,
0.950084;-0.007161;,
0.860536;-0.334826;,
0.922369;-0.334826;,
0.922369;-0.007161;,
0.950084;-0.662492;,
0.860536;-0.662492;,
0.922369;-0.662492;,
0.860536;-0.990157;,
0.950084;-0.990157;,
0.922369;-0.990157;,
0.018207;-0.190036;,
0.257208;-0.188348;,
0.257208;-0.019435;,
0.613436;-0.188348;,
0.613436;-0.019435;,
0.847525;-0.182957;,
0.257208;-0.362324;,
0.613436;-0.362324;,
0.018207;-0.190036;,
0.257208;-0.188348;,
0.257208;-0.019435;,
0.613436;-0.188348;,
0.613436;-0.019435;,
0.847525;-0.182957;,
0.257208;-0.362324;,
0.613436;-0.362324;,
0.257208;-0.188348;,
0.018207;-0.019435;,
0.018207;-0.188348;,
0.257208;-0.019435;,
0.613436;-0.188348;,
0.613436;-0.019435;,
0.847525;-0.182957;,
0.257208;-0.362324;,
0.018207;-0.362324;,
0.613436;-0.362324;,
0.257208;-0.188348;,
0.018207;-0.019435;,
0.018207;-0.188348;,
0.257208;-0.019435;,
0.613436;-0.188348;,
0.613436;-0.019435;,
0.847525;-0.182957;,
0.257208;-0.362324;,
0.018207;-0.362324;,
0.613436;-0.362324;,
0.257208;-0.188348;,
0.018207;-0.019435;,
0.018207;-0.188348;,
0.257208;-0.019435;,
0.613436;-0.188348;,
0.613436;-0.019435;,
0.847525;-0.182957;,
0.257208;-0.362324;,
0.018207;-0.362324;,
0.613436;-0.362324;,
0.018207;-0.190036;,
0.257208;-0.188348;,
0.257208;-0.019435;,
0.613436;-0.188348;,
0.613436;-0.019435;,
0.847525;-0.182957;,
0.257208;-0.362324;,
0.613436;-0.362324;,
0.018207;-0.190036;,
0.257208;-0.188348;,
0.257208;-0.019435;,
0.613436;-0.188348;,
0.613436;-0.019435;,
0.847525;-0.182957;,
0.257208;-0.362324;,
0.613436;-0.362324;,
0.018207;-0.190036;,
0.257208;-0.188348;,
0.257208;-0.019435;,
0.613436;-0.188348;,
0.613436;-0.019435;,
0.847525;-0.182957;,
0.257208;-0.362324;,
0.613436;-0.362324;,
0.018207;-0.190036;,
0.257208;-0.188348;,
0.257208;-0.019435;,
0.613436;-0.188348;,
0.613436;-0.019435;,
0.847525;-0.182957;,
0.257208;-0.362324;,
0.613436;-0.362324;,
0.018207;-0.190036;,
0.257208;-0.188348;,
0.257208;-0.019435;,
0.613436;-0.188348;,
0.613436;-0.019435;,
0.847525;-0.182957;,
0.257208;-0.362324;,
0.613436;-0.362324;,
0.257208;-0.188348;,
0.018207;-0.019435;,
0.018207;-0.188348;,
0.257208;-0.019435;,
0.613436;-0.188348;,
0.613436;-0.019435;,
0.847525;-0.182957;,
0.257208;-0.362324;,
0.018207;-0.362324;,
0.613436;-0.362324;,
0.018207;-0.190036;,
0.257208;-0.188348;,
0.257208;-0.019435;,
0.613436;-0.188348;,
0.613436;-0.019435;,
0.847525;-0.182957;,
0.257208;-0.362324;,
0.613436;-0.362324;,
0.018207;-0.190036;,
0.257208;-0.188348;,
0.257208;-0.019435;,
0.613436;-0.188348;,
0.613436;-0.019435;,
0.847525;-0.182957;,
0.257208;-0.362324;,
0.613436;-0.362324;,
0.798905;-0.715469;,
0.643102;-0.659735;,
0.798905;-0.604000;,
0.798905;-0.604000;,
0.643101;-0.659735;,
0.798905;-0.604000;,
0.798905;-0.715469;,
0.798905;-0.715469;,
0.794153;-0.983139;,
0.582231;-0.829168;,
0.632259;-0.983139;,
0.844182;-0.829168;,
0.713206;-0.734010;,
0.571616;-0.442596;,
0.652344;-0.367188;,
0.652344;-0.390625;,
0.571616;-0.442584;,
0.652344;-0.371094;,
0.652344;-0.394531;,
0.571616;-0.442582;,
0.648438;-0.371094;,
0.648438;-0.394531;,
0.571616;-0.442595;,
0.648438;-0.371094;,
0.648438;-0.394531;,
0.571616;-0.442583;,
0.648438;-0.367188;,
0.648438;-0.390625;,
0.257208;-0.188348;,
0.018207;-0.019435;,
0.018207;-0.188348;,
0.257208;-0.019435;,
0.613436;-0.188348;,
0.613436;-0.019435;,
0.847525;-0.182957;,
0.257208;-0.362324;,
0.018207;-0.362324;,
0.613436;-0.362324;,
0.652344;-0.496094;,
0.648438;-0.496094;,
0.648438;-0.496094;,
0.648438;-0.500000;,
0.648438;-0.492188;,
0.644531;-0.503906;,
0.640625;-0.496094;,
0.644531;-0.500000;,
0.644531;-0.496094;,
0.644531;-0.496094;,
0.843750;-0.277344;,
0.843750;-0.277344;,
0.841944;-0.279883;,
0.841944;-0.279883;,
0.843750;-0.277344;,
0.841944;-0.604888;,
0.841944;-0.429644;,
0.841944;-0.604801;,
0.839844;-0.429688;,
0.841944;-0.604786;,
0.841944;-0.429102;,
0.841944;-0.604881;,
0.839844;-0.429688;,
0.841944;-0.604793;,
0.839844;-0.429688;;
}// UV
}// mesh
