xof 0303txt 0032
// Exported by ParaEngine X file exporter V0.2
ParaXHeader header{
112,97,114,97;
1,0,0,0;
1;
0;
-0.495254;-0.503577;-0.495254;;
0.495254;-0.198821;0.495254;;
3;
}
Mesh mesh_object{
106; // 106 vertices 
0.441815;-0.482354;-0.441815;,
-0.441815;-0.482354;0.441815;,
-0.441815;-0.482354;-0.441815;,
0.441815;-0.482354;0.441815;,
0.356978;-0.269547;-0.356978;,
-0.356978;-0.269547;0.356978;,
0.356978;-0.269547;0.356978;,
-0.356978;-0.269547;-0.356978;,
0.441815;-0.482354;-0.441815;,
0.356978;-0.269547;0.356978;,
0.441815;-0.482354;0.441815;,
0.356978;-0.269547;-0.356978;,
0.441815;-0.482354;0.441815;,
-0.356978;-0.269547;0.356978;,
-0.441815;-0.482354;0.441815;,
0.356978;-0.269547;0.356978;,
-0.441815;-0.482354;0.441815;,
-0.356978;-0.269547;-0.356978;,
-0.441815;-0.482354;-0.441815;,
-0.356978;-0.269547;0.356978;,
-0.441815;-0.482354;-0.441815;,
0.356978;-0.269547;-0.356978;,
0.441815;-0.482354;-0.441815;,
-0.356978;-0.269547;-0.356978;,
0.495254;-0.503577;-0.495254;,
-0.495254;-0.503577;0.495254;,
-0.495254;-0.503577;-0.495254;,
0.495254;-0.503577;0.495254;,
0.485554;-0.393559;-0.485554;,
-0.485554;-0.393559;0.485554;,
0.485554;-0.393559;0.485554;,
-0.485554;-0.393559;-0.485554;,
0.495254;-0.503577;-0.495254;,
0.485554;-0.393559;0.485554;,
0.495254;-0.503577;0.495254;,
0.485554;-0.393559;-0.485554;,
0.495254;-0.503577;0.495254;,
-0.485554;-0.393559;0.485554;,
-0.495254;-0.503577;0.495254;,
0.485554;-0.393559;0.485554;,
-0.495254;-0.503577;0.495254;,
-0.485554;-0.393559;-0.485554;,
-0.495254;-0.503577;-0.495254;,
-0.485554;-0.393559;0.485554;,
-0.495254;-0.503577;-0.495254;,
0.485554;-0.393559;-0.485554;,
0.495254;-0.503577;-0.495254;,
-0.485554;-0.393559;-0.485554;,
-0.163480;-0.198821;-0.115523;,
-0.163480;-0.198821;0.177173;,
-0.017911;-0.198821;0.030825;,
-0.163643;-0.198821;0.098064;,
-0.163643;-0.198821;-0.036415;,
-0.295865;-0.198821;-0.036415;,
-0.295865;-0.198821;0.098064;,
-0.295865;-0.332909;0.098064;,
-0.295865;-0.198821;-0.036415;,
-0.295865;-0.332909;-0.036415;,
-0.295865;-0.198821;0.098064;,
-0.163643;-0.332909;-0.036415;,
-0.295865;-0.198821;-0.036415;,
-0.163643;-0.198821;-0.036415;,
-0.295865;-0.332909;-0.036415;,
-0.163643;-0.332909;0.098064;,
-0.163480;-0.198821;0.177173;,
-0.163643;-0.198821;0.098064;,
-0.163480;-0.332909;0.177173;,
-0.163480;-0.332909;-0.115523;,
-0.163480;-0.198821;-0.115523;,
-0.295865;-0.332909;0.098064;,
-0.295865;-0.198821;0.098064;,
-0.163480;-0.332909;0.177173;,
-0.017911;-0.198821;0.030825;,
-0.163480;-0.198821;0.177173;,
-0.017911;-0.198821;0.030825;,
-0.163480;-0.332909;0.177173;,
-0.017911;-0.332909;0.030825;,
-0.163480;-0.198821;-0.115523;,
-0.017911;-0.332909;0.030825;,
-0.163480;-0.332909;-0.115523;,
-0.017911;-0.332909;0.030825;,
-0.163480;-0.198821;-0.115523;,
-0.017911;-0.198821;0.030825;,
-0.163480;-0.332909;0.177173;,
-0.163480;-0.332909;-0.115523;,
-0.017911;-0.332909;0.030825;,
-0.163643;-0.332909;0.098064;,
-0.163643;-0.332909;-0.036415;,
-0.295865;-0.332909;-0.036415;,
-0.295865;-0.332909;0.098064;,
-0.233213;-0.471986;0.078048;,
-0.233213;-0.297453;-0.016398;,
-0.233213;-0.471986;-0.016398;,
-0.233213;-0.297453;0.078048;,
-0.233213;-0.471986;-0.016398;,
-0.112561;-0.297453;-0.016398;,
-0.112561;-0.471986;-0.016398;,
-0.233213;-0.297453;-0.016398;,
-0.112561;-0.471986;-0.016398;,
-0.112561;-0.297453;0.078048;,
-0.112561;-0.471986;0.078048;,
-0.112561;-0.297453;-0.016398;,
-0.112561;-0.471986;0.078048;,
-0.233213;-0.297453;0.078048;,
-0.233213;-0.471986;0.078048;,
-0.112561;-0.297453;0.078048;;

56; // 56 faces 
3;0,1,2;,
3;1,0,3;,
3;4,5,6;,
3;5,4,7;,
3;8,9,10;,
3;9,8,11;,
3;12,13,14;,
3;13,12,15;,
3;16,17,18;,
3;17,16,19;,
3;20,21,22;,
3;21,20,23;,
3;24,25,26;,
3;25,24,27;,
3;28,29,30;,
3;29,28,31;,
3;32,33,34;,
3;33,32,35;,
3;36,37,38;,
3;37,36,39;,
3;40,41,42;,
3;41,40,43;,
3;44,45,46;,
3;45,44,47;,
3;48,49,50;,
3;48,51,49;,
3;52,51,48;,
3;53,51,52;,
3;54,51,53;,
3;55,56,57;,
3;56,55,58;,
3;59,60,61;,
3;60,59,62;,
3;63,64,65;,
3;64,63,66;,
3;67,61,68;,
3;61,67,59;,
3;69,65,70;,
3;65,69,63;,
3;71,72,73;,
3;74,75,76;,
3;77,78,79;,
3;80,81,82;,
3;83,84,85;,
3;86,84,83;,
3;86,87,84;,
3;86,88,87;,
3;89,88,86;,
3;90,91,92;,
3;91,90,93;,
3;94,95,96;,
3;95,94,97;,
3;98,99,100;,
3;99,98,101;,
3;102,103,104;,
3;103,102,105;;

MeshNormals {
106; // 106 normals 
0.000000;-1.000000;0.000000;,
0.000000;-1.000000;0.000000;,
0.000000;-1.000000;0.000000;,
0.000000;-1.000000;0.000000;,
0.000000;1.000000;0.000000;,
0.000000;1.000000;0.000000;,
0.000000;1.000000;0.000000;,
0.000000;1.000000;0.000000;,
0.998252;0.059097;0.000000;,
0.998252;0.059097;0.000000;,
0.998252;0.059097;0.000000;,
0.998252;0.059097;0.000000;,
-0.000000;0.059097;0.998252;,
-0.000000;0.059097;0.998252;,
-0.000000;0.059097;0.998252;,
-0.000000;0.059097;0.998252;,
-0.998252;0.059097;-0.000000;,
-0.998252;0.059097;0.000000;,
-0.998252;0.059097;-0.000000;,
-0.998252;0.059097;0.000000;,
0.000000;0.059097;-0.998252;,
0.000000;0.059097;-0.998252;,
0.000000;0.059097;-0.998252;,
0.000000;0.059097;-0.998252;,
0.000000;-1.000000;0.000000;,
0.000000;-1.000000;0.000000;,
0.000000;-1.000000;0.000000;,
0.000000;-1.000000;0.000000;,
0.000000;1.000000;0.000000;,
0.000000;1.000000;0.000000;,
0.000000;1.000000;0.000000;,
0.000000;1.000000;0.000000;,
0.999914;0.013092;0.000000;,
0.999914;0.013092;0.000000;,
0.999914;0.013092;0.000000;,
0.999914;0.013092;0.000000;,
-0.000000;0.013092;0.999914;,
-0.000000;0.013092;0.999914;,
-0.000000;0.013092;0.999914;,
-0.000000;0.013092;0.999914;,
-0.999914;0.013092;-0.000000;,
-0.999914;0.013092;-0.000000;,
-0.999914;0.013092;-0.000000;,
-0.999914;0.013092;-0.000000;,
0.000000;0.013092;-0.999914;,
0.000000;0.013092;-0.999914;,
0.000000;0.013092;-0.999914;,
0.000000;0.013092;-0.999914;,
0.000000;1.000000;0.000000;,
0.000000;1.000000;0.000000;,
0.000000;1.000000;0.000000;,
-0.000000;1.000000;-0.000000;,
-0.000000;1.000000;-0.000000;,
-0.000000;1.000000;-0.000000;,
-0.000000;1.000000;-0.000000;,
-1.000000;0.000001;-0.000000;,
-1.000000;0.000001;-0.000000;,
-1.000000;0.000001;-0.000000;,
-1.000000;0.000001;-0.000000;,
-0.705687;0.000000;-0.708524;,
-0.000000;0.000000;-1.000000;,
-0.705687;0.000000;-0.708524;,
-0.000000;0.000000;-1.000000;,
-0.705687;-0.000000;0.708524;,
-0.999992;-0.000000;0.004012;,
-0.705687;-0.000000;0.708524;,
-0.999992;-0.000000;0.004012;,
-0.999992;-0.000000;-0.004012;,
-0.999992;-0.000000;-0.004012;,
-0.000000;-0.000000;1.000000;,
-0.000000;-0.000000;1.000000;,
0.459063;0.000000;0.888404;,
0.459063;0.000000;0.888404;,
0.459063;0.000000;0.888404;,
0.459063;0.000001;0.888404;,
0.459063;0.000001;0.888404;,
0.459063;0.000001;0.888404;,
0.459063;0.000000;-0.888404;,
0.459063;0.000000;-0.888404;,
0.459063;0.000000;-0.888404;,
0.459063;0.000001;-0.888404;,
0.459063;0.000001;-0.888404;,
0.459063;0.000001;-0.888404;,
0.000000;-1.000000;0.000000;,
0.000000;-1.000000;0.000000;,
0.000000;-1.000000;0.000000;,
0.000000;-1.000000;0.000000;,
0.000000;-1.000000;0.000000;,
0.000000;-1.000000;0.000000;,
0.000000;-1.000000;0.000000;,
-1.000000;-0.000000;-0.000000;,
-1.000000;-0.000000;-0.000000;,
-1.000000;-0.000000;-0.000000;,
-1.000000;0.000000;-0.000000;,
0.000000;0.000000;-1.000000;,
0.000000;0.000000;-1.000000;,
0.000000;0.000000;-1.000000;,
0.000000;0.000000;-1.000000;,
1.000000;0.000000;0.000000;,
1.000000;0.000000;0.000000;,
1.000000;0.000000;0.000000;,
1.000000;0.000000;0.000000;,
-0.000000;0.000000;1.000000;,
-0.000000;0.000000;1.000000;,
-0.000000;0.000000;1.000000;,
-0.000000;0.000000;1.000000;;

56; // 56 faces 
3;0,1,2;,
3;1,0,3;,
3;4,5,6;,
3;5,4,7;,
3;8,9,10;,
3;9,8,11;,
3;12,13,14;,
3;13,12,15;,
3;16,17,18;,
3;17,16,19;,
3;20,21,22;,
3;21,20,23;,
3;24,25,26;,
3;25,24,27;,
3;28,29,30;,
3;29,28,31;,
3;32,33,34;,
3;33,32,35;,
3;36,37,38;,
3;37,36,39;,
3;40,41,42;,
3;41,40,43;,
3;44,45,46;,
3;45,44,47;,
3;48,49,50;,
3;48,51,49;,
3;52,51,48;,
3;53,51,52;,
3;54,51,53;,
3;55,56,57;,
3;56,55,58;,
3;59,60,61;,
3;60,59,62;,
3;63,64,65;,
3;64,63,66;,
3;67,61,68;,
3;61,67,59;,
3;69,65,70;,
3;65,69,63;,
3;71,72,73;,
3;74,75,76;,
3;77,78,79;,
3;80,81,82;,
3;83,84,85;,
3;86,84,83;,
3;86,87,84;,
3;86,88,87;,
3;89,88,86;,
3;90,91,92;,
3;91,90,93;,
3;94,95,96;,
3;95,94,97;,
3;98,99,100;,
3;99,98,101;,
3;102,103,104;,
3;103,102,105;;
}
MeshMaterialList {
 2; // Number of unique materials
 56; // Number of faces
0,0,0,0,0,0,0,0,0,0,0,0,0,0,0,0,0,0,0,0,0,0,0,0,1,1,1,1,1,1,1,1,1,1,1,1,1,1,1,1,1,1,1,1,1,1,1,1,1,1,1,1,1,1,1,1;;
Material {
0.588000;0.588000;0.588000;1.000000;;
0.0;
0.900000;0.900000;0.900000;;
1.000000;0.000000;0.000000;;
TextureFilename {"Texture/blocks/iron_block.png;2";}
}
Material {
1.000000;1.000000;1.000000;1.000000;;
0.0;
1.000000;1.000000;1.000000;;
0.000000;1.000000;1.000000;;
}
}// materials
MeshTextureCoords {
106; // 106 UV
0.069396;-0.069396;,
0.930604;-0.930604;,
0.069396;-0.930604;,
0.930604;-0.069396;,
0.202494;-0.202494;,
0.797506;-0.797506;,
0.797506;-0.202494;,
0.202494;-0.797506;,
0.069396;-0.069396;,
0.797506;-0.202494;,
0.930604;-0.069396;,
0.202494;-0.202494;,
0.930604;-0.069396;,
0.797506;-0.797506;,
0.930604;-0.930604;,
0.797506;-0.202494;,
0.930604;-0.930604;,
0.202494;-0.797506;,
0.069396;-0.930604;,
0.797506;-0.797506;,
0.069396;-0.930604;,
0.202494;-0.202494;,
0.069396;-0.069396;,
0.202494;-0.797506;,
0.000500;-0.000500;,
0.999500;-0.999500;,
0.000500;-0.999500;,
0.999500;-0.000500;,
0.017296;-0.017297;,
0.982704;-0.982703;,
0.982703;-0.017296;,
0.017297;-0.982704;,
0.000500;-0.000500;,
0.982703;-0.017296;,
0.999500;-0.000500;,
0.017296;-0.017297;,
0.999500;-0.000500;,
0.982704;-0.982703;,
0.999500;-0.999500;,
0.982703;-0.017296;,
0.999500;-0.999500;,
0.017297;-0.982704;,
0.000500;-0.999500;,
0.982704;-0.982703;,
0.000500;-0.999500;,
0.017296;-0.017297;,
0.000500;-0.000500;,
0.017297;-0.982704;,
1.000000;-1.000000;,
0.000000;-1.000000;,
0.500000;-1.000000;,
0.000000;-0.500000;,
1.000000;-0.500000;,
1.000000;-0.000000;,
0.000000;-0.000000;,
0.000000;-0.000000;,
1.000000;-1.000000;,
1.000000;-0.000000;,
0.000000;-1.000000;,
0.500000;-0.000000;,
0.000000;-1.000000;,
0.500000;-1.000000;,
0.000000;-0.000000;,
0.500000;-0.000000;,
0.000000;-1.000000;,
0.500000;-1.000000;,
0.000000;-0.000000;,
1.000000;-0.000000;,
1.000000;-1.000000;,
1.000000;-0.000000;,
1.000000;-1.000000;,
0.000000;-0.000000;,
0.500000;-1.000000;,
0.000000;-1.000000;,
0.500000;-1.000000;,
0.000000;-0.000000;,
0.500000;-0.000000;,
1.000000;-1.000000;,
0.500000;-0.000000;,
1.000000;-0.000000;,
0.500000;-0.000000;,
1.000000;-1.000000;,
0.500000;-1.000000;,
0.000000;-1.000000;,
1.000000;-1.000000;,
0.500000;-1.000000;,
0.000000;-0.500000;,
1.000000;-0.500000;,
1.000000;-0.000000;,
0.000000;-0.000000;,
0.000000;-0.000000;,
1.000000;-1.000000;,
1.000000;-0.000000;,
0.000000;-1.000000;,
0.000000;-0.000000;,
1.000000;-1.000000;,
1.000000;-0.000000;,
0.000000;-1.000000;,
0.000000;-0.000000;,
1.000000;-1.000000;,
1.000000;-0.000000;,
0.000000;-1.000000;,
0.000000;-0.000000;,
1.000000;-1.000000;,
1.000000;-0.000000;,
0.000000;-1.000000;;
}// UV
}// mesh
