xof 0303txt 0032
// Exported by ParaEngine X file exporter V0.2
ParaXHeader header{
112,97,114,97;
1,0,0,0;
1;
0;
-0.264363;-0.243944;-0.295524;;
0.312458;0.583682;0.264363;;
3;
}
Mesh mesh_object{
80; // 80 vertices 
-0.203349;-0.182930;-0.203349;,
0.000000;-0.208506;-0.228926;,
0.000000;-0.243944;0.000000;,
-0.203349;0.223769;-0.203349;,
-0.228926;0.249345;-0.000000;,
0.000000;0.284783;0.000000;,
0.000000;-0.208506;-0.228926;,
-0.228926;0.020420;-0.228926;,
0.000000;0.020420;-0.264363;,
-0.203349;-0.182930;-0.203349;,
0.228926;-0.208506;0.000000;,
0.228926;0.020420;-0.228926;,
0.264363;0.020420;0.000000;,
0.203349;-0.182930;-0.203349;,
-0.000000;-0.208506;0.228926;,
0.228926;0.020420;0.228926;,
-0.000000;0.020420;0.264363;,
0.203349;-0.182930;0.203349;,
-0.228926;-0.208506;-0.000000;,
-0.228926;0.020420;0.228926;,
-0.264363;0.020420;-0.000000;,
-0.203349;-0.182930;0.203349;,
0.086581;0.216865;-0.082592;,
-0.093292;0.583682;0.097282;,
-0.093213;0.265749;0.097202;,
0.086502;0.534798;-0.082513;,
0.203349;0.223769;-0.203349;,
0.000000;0.249345;-0.228926;,
0.228926;0.020420;-0.228926;,
0.203349;0.223769;0.203349;,
0.228926;0.249345;0.000000;,
0.228926;0.020420;0.228926;,
-0.203349;0.223769;0.203349;,
-0.000000;0.249345;0.228926;,
-0.228926;0.020420;0.228926;,
-0.203349;0.223769;-0.203349;,
-0.228926;0.249345;-0.000000;,
-0.228926;0.020420;-0.228926;,
-0.000000;-0.208506;0.228926;,
0.000000;-0.243944;0.000000;,
0.203349;-0.182930;0.203349;,
0.000000;0.249345;-0.228926;,
0.203349;0.223769;-0.203349;,
0.203349;-0.182930;-0.203349;,
-0.203349;-0.182930;0.203349;,
-0.203349;0.223769;-0.203349;,
0.203349;0.223769;0.203349;,
-0.228926;-0.208506;-0.000000;,
-0.203349;-0.182930;0.203349;,
-0.203349;0.223769;0.203349;,
0.203349;-0.182930;0.203349;,
-0.203349;-0.182930;-0.203349;,
0.203349;0.223769;-0.203349;,
-0.203349;0.223769;0.203349;,
0.228926;-0.208506;0.000000;,
0.203349;-0.182930;-0.203349;,
0.228926;0.249345;0.000000;,
0.000000;0.284783;0.000000;,
0.203349;0.223769;0.203349;,
0.203349;0.223769;-0.203349;,
-0.203349;0.223769;0.203349;,
-0.000000;0.249345;0.228926;,
-0.203349;-0.182930;0.203349;,
0.203349;-0.182930;-0.203349;,
0.016276;0.297856;-0.009327;,
-0.253720;0.438794;0.260669;,
-0.136088;0.201391;0.143037;,
-0.101355;0.535259;0.108304;,
0.008375;0.334871;0.038903;,
0.081326;0.307332;-0.295524;,
0.036912;0.184600;-0.088684;,
0.052788;0.457603;-0.167937;,
0.312458;0.340313;0.173307;,
-0.029967;0.276893;-0.002059;,
0.191808;0.157991;0.115410;,
0.090683;0.459215;0.055837;,
0.094078;0.216865;0.089101;,
-0.100789;0.583682;-0.074411;,
-0.100702;0.265749;-0.074339;,
0.093992;0.534798;0.089028;;

58; // 58 faces 
3;0,1,2;,
3;3,4,5;,
3;6,7,8;,
3;7,6,9;,
3;10,11,12;,
3;11,10,13;,
3;14,15,16;,
3;15,14,17;,
3;18,19,20;,
3;19,18,21;,
3;22,23,24;,
3;23,22,25;,
3;26,8,27;,
3;8,26,28;,
3;29,12,30;,
3;12,29,31;,
3;32,16,33;,
3;16,32,34;,
3;35,20,36;,
3;20,35,37;,
3;38,39,40;,
3;41,5,42;,
3;43,8,28;,
3;8,43,6;,
3;44,16,34;,
3;16,44,14;,
3;45,8,7;,
3;8,45,27;,
3;46,16,15;,
3;16,46,33;,
3;47,2,48;,
3;5,4,49;,
3;50,12,31;,
3;12,50,10;,
3;51,20,37;,
3;20,51,18;,
3;52,12,11;,
3;12,52,30;,
3;53,20,19;,
3;20,53,36;,
3;54,39,55;,
3;56,57,58;,
3;3,5,41;,
3;59,57,56;,
3;57,60,61;,
3;58,57,61;,
3;0,2,47;,
3;40,39,54;,
3;62,39,38;,
3;63,2,1;,
3;64,65,66;,
3;65,64,67;,
3;68,69,70;,
3;69,68,71;,
3;72,73,74;,
3;73,72,75;,
3;76,77,78;,
3;77,76,79;;

MeshNormals {
80; // 80 normals 
-0.146756;-0.978226;-0.146756;,
0.000000;-0.988230;-0.152978;,
0.000000;-1.000000;0.000000;,
-0.146756;0.978226;-0.146756;,
-0.152978;0.988230;-0.000000;,
0.000000;1.000000;-0.000000;,
-0.002258;-0.150563;-0.988598;,
-0.150563;-0.002258;-0.988598;,
-0.001141;-0.001141;-0.999999;,
-0.140982;-0.140982;-0.979923;,
0.988598;-0.150563;-0.002258;,
0.988598;-0.002258;-0.150563;,
0.999999;-0.001141;-0.001141;,
0.979923;-0.140982;-0.140982;,
0.002258;-0.150563;0.988598;,
0.150563;-0.002258;0.988598;,
0.001141;-0.001141;0.999999;,
0.140982;-0.140982;0.979923;,
-0.988598;-0.150563;0.002258;,
-0.988598;-0.002258;0.150563;,
-0.999999;-0.001141;0.001141;,
-0.979923;-0.140982;0.140982;,
0.707107;0.000000;0.707107;,
0.707107;0.000000;0.707107;,
0.707107;0.000000;0.707107;,
0.707107;0.000000;0.707107;,
0.146756;0.146756;-0.978226;,
0.000000;0.152978;-0.988230;,
0.152978;0.000000;-0.988230;,
0.978226;0.146756;0.146756;,
0.988230;0.152978;0.000000;,
0.988230;0.000000;0.152978;,
-0.146756;0.146756;0.978226;,
-0.000000;0.152978;0.988230;,
-0.152978;0.000000;0.988230;,
-0.978226;0.146756;-0.146756;,
-0.988230;0.152978;-0.000000;,
-0.988230;0.000000;-0.152978;,
-0.000000;-0.988230;0.152978;,
0.000000;-1.000000;0.000000;,
0.146756;-0.978226;0.146756;,
0.000000;0.988230;-0.152978;,
0.146756;0.978226;-0.146756;,
0.146756;-0.146756;-0.978226;,
-0.146756;-0.146756;0.978226;,
-0.146756;0.146756;-0.978226;,
0.146756;0.146756;0.978226;,
-0.152978;-0.988230;-0.000000;,
-0.146756;-0.978226;0.146756;,
-0.146756;0.978226;0.146756;,
0.978226;-0.146756;0.146756;,
-0.978226;-0.146756;-0.146756;,
0.978226;0.146756;-0.146756;,
-0.978226;0.146756;0.146756;,
0.152978;-0.988230;0.000000;,
0.146756;-0.978226;-0.146756;,
0.152978;0.988230;0.000000;,
0.000000;1.000000;-0.000000;,
0.146756;0.978226;0.146756;,
0.146756;0.978226;-0.146756;,
-0.146756;0.978226;0.146756;,
-0.000000;0.988230;0.152978;,
-0.146756;-0.978226;0.146756;,
0.146756;-0.978226;-0.146756;,
0.707107;0.000000;0.707107;,
0.707107;0.000000;0.707107;,
0.707107;0.000000;0.707107;,
0.707107;0.000000;0.707107;,
-0.977098;-0.004934;-0.212734;,
-0.977098;-0.004934;-0.212734;,
-0.977098;-0.004934;-0.212734;,
-0.977098;-0.004934;-0.212734;,
-0.458891;0.021607;0.888230;,
-0.458891;0.021607;0.888230;,
-0.458891;0.021607;0.888230;,
-0.458891;0.021607;0.888230;,
-0.642788;0.000000;0.766045;,
-0.642788;0.000000;0.766044;,
-0.642788;0.000000;0.766045;,
-0.642787;0.000000;0.766045;;

58; // 58 faces 
3;0,1,2;,
3;3,4,5;,
3;6,7,8;,
3;7,6,9;,
3;10,11,12;,
3;11,10,13;,
3;14,15,16;,
3;15,14,17;,
3;18,19,20;,
3;19,18,21;,
3;22,23,24;,
3;23,22,25;,
3;26,8,27;,
3;8,26,28;,
3;29,12,30;,
3;12,29,31;,
3;32,16,33;,
3;16,32,34;,
3;35,20,36;,
3;20,35,37;,
3;38,39,40;,
3;41,5,42;,
3;43,8,28;,
3;8,43,6;,
3;44,16,34;,
3;16,44,14;,
3;45,8,7;,
3;8,45,27;,
3;46,16,15;,
3;16,46,33;,
3;47,2,48;,
3;5,4,49;,
3;50,12,31;,
3;12,50,10;,
3;51,20,37;,
3;20,51,18;,
3;52,12,11;,
3;12,52,30;,
3;53,20,19;,
3;20,53,36;,
3;54,39,55;,
3;56,57,58;,
3;3,5,41;,
3;59,57,56;,
3;57,60,61;,
3;58,57,61;,
3;0,2,47;,
3;40,39,54;,
3;62,39,38;,
3;63,2,1;,
3;64,65,66;,
3;65,64,67;,
3;68,69,70;,
3;69,68,71;,
3;72,73,74;,
3;73,72,75;,
3;76,77,78;,
3;77,76,79;;
}
MeshMaterialList {
 1; // Number of unique materials
 58; // Number of faces
0,0,0,0,0,0,0,0,0,0,0,0,0,0,0,0,0,0,0,0,0,0,0,0,0,0,0,0,0,0,0,0,0,0,0,0,0,0,0,0,0,0,0,0,0,0,0,0,0,0,0,0,0,0,0,0,0,0;;
Material {
0.588000;0.588000;0.588000;1.000000;;
3000.0;
0.900000;0.900000;0.900000;;
1.000000;0.000000;0.000000;;
TextureFilename {"Texture/blocks/apple.png;2";}
}
}// materials
MeshTextureCoords {
80; // 80 UV
0.391299;-0.151456;,
0.586828;-0.151579;,
0.391299;-0.068809;,
0.391299;-0.610080;,
0.195764;-0.609958;,
0.391299;-0.741692;,
0.586828;-0.151579;,
0.391299;-0.383593;,
0.586985;-0.383593;,
0.391299;-0.151456;,
0.194441;-0.151579;,
0.022937;-0.383593;,
0.194284;-0.383593;,
0.023193;-0.151456;,
0.585505;-0.151579;,
0.389970;-0.383593;,
0.585642;-0.383593;,
0.389970;-0.151456;,
0.195764;-0.151579;,
0.020525;-0.383593;,
0.195627;-0.383593;,
0.020743;-0.151456;,
0.721110;-0.787698;,
0.487492;-0.991164;,
0.487494;-0.788238;,
0.721109;-0.990625;,
0.758076;-0.610080;,
0.586828;-0.609958;,
0.758333;-0.383593;,
0.389970;-0.610080;,
0.194441;-0.609958;,
0.389970;-0.383593;,
0.760526;-0.610080;,
0.585505;-0.609958;,
0.760744;-0.383593;,
0.391299;-0.610080;,
0.195764;-0.609958;,
0.391299;-0.383593;,
0.585505;-0.151579;,
0.389970;-0.068809;,
0.389970;-0.151456;,
0.586828;-0.609958;,
0.758076;-0.610080;,
0.758076;-0.151456;,
0.760526;-0.151456;,
0.391299;-0.610080;,
0.389970;-0.610080;,
0.195764;-0.151579;,
0.020743;-0.151456;,
0.020743;-0.610080;,
0.389970;-0.151456;,
0.391299;-0.151456;,
0.023193;-0.610080;,
0.020743;-0.610080;,
0.194441;-0.151579;,
0.023193;-0.151456;,
0.194441;-0.609958;,
0.389970;-0.741692;,
0.389970;-0.610080;,
0.023193;-0.610080;,
0.760526;-0.610080;,
0.585505;-0.609958;,
0.760526;-0.151456;,
0.758076;-0.151456;,
0.490291;-0.769679;,
0.003810;-0.993011;,
0.004704;-0.770871;,
0.489397;-0.993655;,
0.490291;-0.769679;,
0.003810;-0.993011;,
0.004704;-0.770871;,
0.489397;-0.993655;,
0.490291;-0.769679;,
0.003810;-0.993011;,
0.004704;-0.770871;,
0.489397;-0.993655;,
0.721110;-0.787698;,
0.487492;-0.991164;,
0.487494;-0.788238;,
0.721109;-0.990625;;
}// UV
}// mesh
