xof 0303txt 0032
// Exported by ParaEngine X file exporter V0.2
ParaXHeader header{
112,97,114,97;
1,0,0,0;
1;
0;
-1.500000;-0.500000;-1.000000;;
1.500000;1.477737;1.000000;;
3;
}
Mesh mesh_object{
73; // 73 vertices 
-1.500000;-0.500000;0.000000;,
0.686226;-0.500000;-1.000000;,
0.686226;-0.500000;0.000000;,
-1.500000;-0.500000;-1.000000;,
0.686226;0.500000;-1.000000;,
-1.500000;0.500000;0.000000;,
0.686226;0.500000;0.000000;,
-1.500000;0.500000;-1.000000;,
0.686226;-0.500000;-1.000000;,
-1.500000;0.500000;-1.000000;,
0.686226;0.500000;-1.000000;,
-1.500000;-0.500000;-1.000000;,
1.500000;-0.500000;0.000000;,
1.500000;0.500000;-1.000000;,
1.500000;0.500000;0.000000;,
1.500000;-0.500000;-1.000000;,
0.686226;-0.500000;1.000000;,
1.500000;0.500000;1.000000;,
0.686226;0.500000;1.000000;,
1.500000;-0.500000;1.000000;,
-1.500000;-0.500000;0.000000;,
-1.500000;0.500000;1.000000;,
-1.500000;0.500000;0.000000;,
-1.500000;-0.500000;1.000000;,
1.500000;-0.500000;1.000000;,
1.500000;-0.500000;0.000000;,
0.686226;-0.500000;1.000000;,
1.500000;1.477737;-1.000000;,
0.686226;1.477737;0.000000;,
1.500000;1.477737;0.000000;,
0.686226;1.477737;-1.000000;,
1.500000;-0.500000;-1.000000;,
1.500000;0.500000;-1.000000;,
-1.500000;-0.500000;1.000000;,
-1.500000;0.500000;1.000000;,
1.500000;0.500000;0.000000;,
1.500000;1.477737;-1.000000;,
1.500000;1.477737;0.000000;,
1.500000;1.477737;-1.000000;,
1.500000;0.500000;0.000000;,
1.500000;0.500000;-1.000000;,
1.500000;0.500000;1.000000;,
0.686226;1.477737;1.000000;,
0.686226;0.500000;1.000000;,
1.500000;1.477737;1.000000;,
0.686226;0.500000;0.000000;,
0.686226;1.477737;1.000000;,
0.686226;1.477737;0.000000;,
0.686226;1.477737;1.000000;,
0.686226;0.500000;0.000000;,
0.686226;0.500000;1.000000;,
0.686226;0.500000;-1.000000;,
1.500000;1.477737;-1.000000;,
1.500000;0.500000;-1.000000;,
0.686226;1.477737;-1.000000;,
-1.500000;-0.500000;1.000000;,
0.686226;0.500000;1.000000;,
-1.500000;0.500000;1.000000;,
1.500000;-0.500000;1.000000;,
1.500000;0.500000;1.000000;,
-1.500000;-0.500000;-1.000000;,
-1.500000;0.500000;-1.000000;,
1.500000;-0.500000;-1.000000;,
1.500000;1.477737;1.000000;,
0.686226;1.477737;1.000000;,
1.500000;0.500000;1.000000;,
1.500000;1.477737;1.000000;,
1.500000;1.477737;0.000000;,
1.500000;0.500000;1.000000;,
0.686226;0.500000;-1.000000;,
0.686226;1.477737;-1.000000;,
0.686226;1.477737;0.000000;,
0.686226;0.500000;-1.000000;;

44; // 44 faces 
3;0,1,2;,
3;1,0,3;,
3;4,5,6;,
3;5,4,7;,
3;8,9,10;,
3;9,8,11;,
3;12,13,14;,
3;13,12,15;,
3;16,17,18;,
3;17,16,19;,
3;20,21,22;,
3;21,20,23;,
3;24,2,25;,
3;2,24,26;,
3;27,28,29;,
3;28,27,30;,
3;31,10,32;,
3;10,31,8;,
3;33,18,34;,
3;18,33,16;,
3;35,36,37;,
3;38,39,40;,
3;41,42,43;,
3;42,41,44;,
3;45,46,47;,
3;48,49,50;,
3;51,52,53;,
3;52,51,54;,
3;55,2,26;,
3;2,55,0;,
3;56,5,57;,
3;5,56,6;,
3;58,14,59;,
3;14,58,12;,
3;60,22,61;,
3;22,60,20;,
3;62,2,1;,
3;2,62,25;,
3;63,28,64;,
3;28,63,29;,
3;65,37,66;,
3;67,68,39;,
3;69,47,70;,
3;71,72,49;;

MeshNormals {
73; // 73 normals 
0.000000;-1.000000;0.000000;,
0.000000;-1.000000;0.000000;,
0.000000;-1.000000;0.000000;,
0.000000;-1.000000;0.000000;,
0.000000;1.000000;0.000000;,
0.000000;1.000000;0.000000;,
0.000000;1.000000;0.000000;,
0.000000;1.000000;0.000000;,
0.000000;0.000000;-1.000000;,
0.000000;0.000000;-1.000000;,
0.000000;0.000000;-1.000000;,
0.000000;0.000000;-1.000000;,
1.000000;0.000000;0.000000;,
1.000000;0.000000;0.000000;,
1.000000;0.000000;0.000000;,
1.000000;0.000000;0.000000;,
0.000000;0.000000;1.000000;,
0.000000;0.000000;1.000000;,
0.000000;0.000000;1.000000;,
0.000000;0.000000;1.000000;,
-1.000000;0.000000;0.000000;,
-1.000000;0.000000;0.000000;,
-1.000000;0.000000;0.000000;,
-1.000000;0.000000;0.000000;,
0.000000;-1.000000;0.000000;,
0.000000;-1.000000;0.000000;,
0.000000;-1.000000;0.000000;,
0.000000;1.000000;0.000000;,
0.000000;1.000000;0.000000;,
0.000000;1.000000;0.000000;,
0.000000;1.000000;0.000000;,
0.000000;0.000000;-1.000000;,
0.000000;0.000000;-1.000000;,
0.000000;0.000000;1.000000;,
0.000000;0.000000;1.000000;,
1.000000;0.000000;0.000000;,
1.000000;0.000000;0.000000;,
1.000000;0.000000;0.000000;,
1.000000;0.000000;0.000000;,
1.000000;0.000000;0.000000;,
1.000000;0.000000;0.000000;,
0.000000;0.000000;1.000000;,
0.000000;0.000000;1.000000;,
0.000000;0.000000;1.000000;,
0.000000;0.000000;1.000000;,
-1.000000;0.000000;0.000000;,
-1.000000;0.000000;0.000000;,
-1.000000;0.000000;0.000000;,
-1.000000;0.000000;0.000000;,
-1.000000;0.000000;0.000000;,
-1.000000;0.000000;0.000000;,
0.000000;0.000000;-1.000000;,
0.000000;0.000000;-1.000000;,
0.000000;0.000000;-1.000000;,
0.000000;0.000000;-1.000000;,
0.000000;-1.000000;0.000000;,
0.000000;1.000000;0.000000;,
0.000000;1.000000;0.000000;,
1.000000;0.000000;0.000000;,
1.000000;0.000000;0.000000;,
-1.000000;0.000000;0.000000;,
-1.000000;0.000000;0.000000;,
0.000000;-1.000000;0.000000;,
0.000000;1.000000;0.000000;,
0.000000;1.000000;0.000000;,
1.000000;0.000000;0.000000;,
1.000000;0.000000;0.000000;,
1.000000;0.000000;0.000000;,
1.000000;0.000000;0.000000;,
-1.000000;0.000000;0.000000;,
-1.000000;0.000000;0.000000;,
-1.000000;0.000000;0.000000;,
-1.000000;0.000000;0.000000;;

44; // 44 faces 
3;0,1,2;,
3;1,0,3;,
3;4,5,6;,
3;5,4,7;,
3;8,9,10;,
3;9,8,11;,
3;12,13,14;,
3;13,12,15;,
3;16,17,18;,
3;17,16,19;,
3;20,21,22;,
3;21,20,23;,
3;24,2,25;,
3;2,24,26;,
3;27,28,29;,
3;28,27,30;,
3;31,10,32;,
3;10,31,8;,
3;33,18,34;,
3;18,33,16;,
3;35,36,37;,
3;38,39,40;,
3;41,42,43;,
3;42,41,44;,
3;45,46,47;,
3;48,49,50;,
3;51,52,53;,
3;52,51,54;,
3;55,2,26;,
3;2,55,0;,
3;56,5,57;,
3;5,56,6;,
3;58,14,59;,
3;14,58,12;,
3;60,22,61;,
3;22,60,20;,
3;62,2,1;,
3;2,62,25;,
3;63,28,64;,
3;28,63,29;,
3;65,37,66;,
3;67,68,39;,
3;69,47,70;,
3;71,72,49;;
}
MeshMaterialList {
 1; // Number of unique materials
 44; // Number of faces
0,0,0,0,0,0,0,0,0,0,0,0,0,0,0,0,0,0,0,0,0,0,0,0,0,0,0,0,0,0,0,0,0,0,0,0,0,0,0,0,0,0,0,0;;
Material {
0.588000;0.588000;0.588000;1.000000;;
0.0;
0.900000;0.900000;0.900000;;
1.000000;0.000000;0.000000;;
TextureFilename {"model/blockworld/BadWood/BadWood.png";}
}
}// materials
MeshTextureCoords {
73; // 73 UV
0.567688;-0.755838;,
0.230645;-0.576574;,
0.230645;-0.755838;,
0.567688;-0.576574;,
0.119144;-0.999000;,
0.461419;-0.507533;,
0.461419;-0.999000;,
0.119144;-0.507033;,
0.852173;-0.077727;,
0.504457;-0.269814;,
0.852173;-0.269814;,
0.504457;-0.077727;,
0.751412;-0.077951;,
0.505620;-0.270684;,
0.751412;-0.270684;,
0.505620;-0.077951;,
0.852173;-0.077727;,
0.993312;-0.269814;,
0.852173;-0.269814;,
0.993312;-0.077727;,
0.751109;-0.076133;,
0.506459;-0.270451;,
0.751109;-0.270451;,
0.506459;-0.076133;,
0.105188;-0.935102;,
0.105188;-0.755838;,
0.230645;-0.935102;,
0.993107;-0.631196;,
0.831537;-0.903766;,
0.993107;-0.903766;,
0.831537;-0.631196;,
0.993312;-0.077727;,
0.993312;-0.269814;,
0.504457;-0.077727;,
0.504457;-0.269814;,
0.751146;-0.075637;,
0.513741;-0.279948;,
0.751146;-0.279948;,
0.513741;-0.279948;,
0.751146;-0.075637;,
0.513741;-0.075637;,
0.987687;-0.620608;,
0.846548;-0.877836;,
0.846548;-0.620608;,
0.987687;-0.877836;,
0.501883;-0.505623;,
0.126677;-0.999000;,
0.501883;-0.999000;,
0.126677;-0.999000;,
0.501883;-0.505623;,
0.126677;-0.505623;,
0.846548;-0.620608;,
0.987687;-0.877836;,
0.987687;-0.620608;,
0.846548;-0.877836;,
0.567688;-0.935102;,
0.119144;-0.999000;,
0.119144;-0.507033;,
0.997205;-0.077951;,
0.997205;-0.270684;,
0.995759;-0.076133;,
0.995759;-0.270451;,
0.105188;-0.576574;,
0.993107;-0.631196;,
0.831537;-0.631196;,
0.988551;-0.075637;,
0.988551;-0.279948;,
0.751146;-0.279948;,
0.988551;-0.075637;,
0.126677;-0.505623;,
0.126677;-0.999000;,
0.501883;-0.999000;,
0.126677;-0.505623;;
}// UV
}// mesh
