xof 0303txt 0032
// Exported by ParaEngine X file exporter V0.2
ParaXHeader header{
112,97,114,97;
1,0,0,0;
1;
0;
-0.050000;-0.500000;-0.050000;;
0.050000;-0.400000;0.050000;;
3;
}
Mesh mesh_object{
52; // 52 vertices 
-0.276806;-0.174286;0.193358;,
0.151786;-0.507963;0.093755;,
0.069142;-0.174286;0.193358;,
-0.194162;-0.507963;0.093755;,
-0.198090;0.154646;0.394302;,
0.147859;0.154646;0.394302;,
-0.102007;-0.114034;0.023192;,
-0.015043;-0.563179;0.249698;,
-0.096249;-0.229502;0.349301;,
-0.015043;-0.447711;-0.076411;,
-0.012374;0.214898;0.224136;,
-0.012374;0.099430;0.550245;,
-0.431932;-0.086194;-0.103337;,
0.137820;-0.461869;-0.033171;,
0.063292;0.013926;-0.103337;,
-0.357404;-0.561989;-0.033171;,
-0.574215;0.450612;-0.352016;,
-0.078991;0.550732;-0.352016;,
-0.172768;-0.033798;-0.366977;,
-0.100995;-0.510150;0.208432;,
-0.172768;-0.033798;0.138266;,
-0.100995;-0.510150;-0.296811;,
-0.308363;0.504360;-0.615657;,
-0.308363;0.504360;-0.110413;,
0.214623;-0.605706;0.023223;,
-0.059510;-0.210638;0.076416;,
-0.197631;-0.418377;0.023223;,
0.357496;-0.387136;0.076416;,
0.281231;0.031464;-0.071189;,
0.545542;0.345868;0.534550;,
0.281231;0.031464;0.381631;,
0.545542;0.345868;0.081730;,
0.310210;0.406786;0.318015;,
0.487405;-0.021906;0.165096;,
0.748581;0.293310;0.318015;,
0.049034;0.091570;0.165096;,
0.158388;-0.302863;-0.159869;,
0.158388;-0.302863;0.292951;,
0.015819;-0.515369;0.239758;,
0.015819;-0.515369;-0.213062;,
-0.168881;-0.456565;-0.137015;,
0.363369;-0.079728;-0.196011;,
0.270262;-0.567016;-0.137015;,
-0.075773;0.030723;-0.196011;,
0.058491;-0.513753;-0.373300;,
0.155786;-0.027518;0.020523;,
0.058491;-0.513753;0.079520;,
0.155786;-0.027518;-0.432296;,
0.420788;0.403241;-0.184615;,
0.420788;0.403241;-0.619331;,
0.624186;0.352084;-0.401150;,
0.185043;0.462534;-0.401150;;

36; // 36 faces 
3;0,1,2;,
3;1,0,3;,
3;4,2,5;,
3;2,4,0;,
3;6,7,8;,
3;7,6,9;,
3;10,8,11;,
3;8,10,6;,
3;12,13,14;,
3;13,12,15;,
3;16,14,17;,
3;14,16,12;,
3;18,19,20;,
3;19,18,21;,
3;22,20,23;,
3;20,22,18;,
3;24,25,26;,
3;25,24,27;,
3;28,29,30;,
3;29,28,31;,
3;32,33,34;,
3;33,32,35;,
3;36,30,37;,
3;30,36,28;,
3;38,36,37;,
3;36,38,39;,
3;40,41,42;,
3;41,40,43;,
3;44,45,46;,
3;45,44,47;,
3;47,48,45;,
3;48,47,49;,
3;43,50,41;,
3;50,43,51;,
3;27,35,25;,
3;35,27,33;;

MeshNormals {
52; // 52 normals 
0.000000;-0.408447;0.912782;,
0.000000;-0.286030;0.958221;,
0.000000;-0.406017;0.913866;,
0.000000;-0.286029;0.958221;,
0.000000;-0.521318;0.853363;,
0.000000;-0.521318;0.853363;,
-0.999796;-0.019205;0.006311;,
-0.972017;-0.223957;-0.070899;,
-0.999882;0.003914;0.014843;,
-0.970131;-0.228669;-0.080967;,
-0.975009;0.206851;0.081055;,
-0.976150;0.204646;0.072461;,
-0.055470;0.274369;0.960023;,
-0.028597;0.141449;0.989532;,
-0.055288;0.273471;0.960290;,
-0.028597;0.141448;0.989532;,
-0.081107;0.401178;0.912402;,
-0.081107;0.401178;0.912402;,
-0.978807;-0.204785;0.000000;,
-0.988839;-0.148990;0.000000;,
-0.982273;-0.187456;0.000000;,
-0.988839;-0.148990;0.000000;,
-0.969693;-0.244327;0.000000;,
-0.969693;-0.244327;0.000000;,
-0.081663;-0.188437;0.978684;,
-0.093938;-0.217000;0.971641;,
-0.087342;-0.192213;0.977459;,
-0.077227;-0.208474;0.974974;,
0.881924;-0.471392;0.000000;,
0.765451;-0.643494;0.000000;,
0.848365;-0.529412;0.000000;,
0.765451;-0.643494;0.000000;,
-0.095584;-0.369252;0.924401;,
-0.078927;-0.304903;0.949108;,
-0.095584;-0.369252;0.924401;,
-0.087881;-0.289514;0.953131;,
0.882859;-0.469638;0.000000;,
0.898442;-0.439092;0.000000;,
0.830426;-0.557129;0.000000;,
0.830426;-0.557129;0.000000;,
-0.028851;-0.114708;-0.992980;,
-0.064884;-0.257976;-0.963970;,
-0.028851;-0.114708;-0.992980;,
-0.060178;-0.239261;-0.969089;,
0.980562;-0.196208;0.000000;,
0.941694;-0.336472;0.000000;,
0.980562;-0.196208;0.000000;,
0.921242;-0.388989;0.000000;,
0.851728;-0.523984;0.000000;,
0.851728;-0.523984;0.000000;,
-0.095455;-0.379521;-0.920246;,
-0.095455;-0.379521;-0.920246;;

36; // 36 faces 
3;0,1,2;,
3;1,0,3;,
3;4,2,5;,
3;2,4,0;,
3;6,7,8;,
3;7,6,9;,
3;10,8,11;,
3;8,10,6;,
3;12,13,14;,
3;13,12,15;,
3;16,14,17;,
3;14,16,12;,
3;18,19,20;,
3;19,18,21;,
3;22,20,23;,
3;20,22,18;,
3;24,25,26;,
3;25,24,27;,
3;28,29,30;,
3;29,28,31;,
3;32,33,34;,
3;33,32,35;,
3;36,30,37;,
3;30,36,28;,
3;38,36,37;,
3;36,38,39;,
3;40,41,42;,
3;41,40,43;,
3;44,45,46;,
3;45,44,47;,
3;47,48,45;,
3;48,47,49;,
3;43,50,41;,
3;50,43,51;,
3;27,35,25;,
3;35,27,33;;
}
MeshMaterialList {
 1; // Number of unique materials
 36; // Number of faces
0,0,0,0,0,0,0,0,0,0,0,0,0,0,0,0,0,0,0,0,0,0,0,0,0,0,0,0,0,0,0,0,0,0,0,0;;
Material {
0.588235;0.588235;0.588235;1.000000;;
131000.0;
0.900000;0.900000;0.900000;;
1.000000;0.000000;0.000000;;
TextureFilename {"model/04deco/v5/blockworld/05plants/02grass/Grass06.dds";}
}
}// materials
MeshTextureCoords {
52; // 52 UV
0.029208;-0.480831;,
0.479359;-0.026578;,
0.481688;-0.480831;,
0.026879;-0.026578;,
0.033866;-0.973422;,
0.486346;-0.973422;,
0.029208;-0.480831;,
0.479359;-0.026578;,
0.481688;-0.480831;,
0.026879;-0.026578;,
0.033866;-0.973422;,
0.486346;-0.973422;,
0.504209;-0.480831;,
0.982276;-0.026578;,
0.984750;-0.480831;,
0.501736;-0.026578;,
0.509156;-0.973422;,
0.989697;-0.973422;,
0.504209;-0.480831;,
0.982276;-0.026578;,
0.984750;-0.480831;,
0.501736;-0.026578;,
0.509156;-0.973422;,
0.989697;-0.973422;,
0.982276;-0.026578;,
0.503591;-0.263289;,
0.501736;-0.026578;,
0.984132;-0.263289;,
0.506374;-0.618356;,
0.989697;-0.973422;,
0.986915;-0.618356;,
0.509156;-0.973422;,
0.509156;-0.973422;,
0.986915;-0.618356;,
0.989697;-0.973422;,
0.506374;-0.618356;,
0.503591;-0.263289;,
0.984132;-0.263289;,
0.982276;-0.026578;,
0.501736;-0.026578;,
0.026879;-0.026578;,
0.482853;-0.500000;,
0.479359;-0.026578;,
0.030373;-0.500000;,
0.026879;-0.026578;,
0.482853;-0.500000;,
0.479359;-0.026578;,
0.030373;-0.500000;,
0.486346;-0.973422;,
0.033866;-0.973422;,
0.486346;-0.973422;,
0.033866;-0.973422;;
}// UV
}// mesh
