xof 0303txt 0032
// Exported by ParaEngine X file exporter V0.2
ParaXHeader header{
112,97,114,97;
1,0,0,0;
1;
0;
-0.077645;-0.499916;-0.500000;;
0.077645;0.499916;0.500000;;
3;
}
Mesh mesh_object{
113; // 113 vertices 
0.077645;-0.499916;-0.500000;,
-0.077645;-0.499916;0.500000;,
-0.077645;-0.499916;-0.500000;,
0.077645;-0.499916;0.500000;,
-0.077645;0.499916;0.500000;,
0.077645;-0.499916;0.500000;,
0.077645;0.499916;0.500000;,
0.077645;-0.499916;0.500000;,
-0.077645;0.499916;0.500000;,
-0.077645;-0.499916;0.500000;,
-0.077645;-0.499916;-0.500000;,
0.077645;0.499916;-0.500000;,
0.077645;-0.499916;-0.500000;,
0.077645;0.499916;-0.500000;,
-0.077645;-0.499916;-0.500000;,
-0.077645;0.499916;-0.500000;,
-0.077645;0.499916;0.500000;,
0.077645;0.499916;-0.500000;,
-0.077645;0.499916;-0.500000;,
0.077645;0.499916;0.500000;,
0.077645;-0.418452;-0.395189;,
0.077645;-0.499916;0.500000;,
0.077645;-0.499916;-0.500000;,
0.077645;-0.499916;0.500000;,
0.077645;-0.418452;0.410753;,
-0.077645;0.409569;-0.395189;,
-0.077645;0.499916;0.500000;,
-0.077645;0.499916;-0.500000;,
-0.077645;0.409569;0.410753;,
0.077645;0.409569;0.410753;,
-0.077645;0.409569;-0.395189;,
0.077645;0.409569;-0.395189;,
-0.077645;0.409569;0.410753;,
0.077645;-0.418452;-0.395189;,
-0.077645;-0.418452;0.410753;,
0.077645;-0.418452;0.410753;,
-0.077645;-0.418452;-0.395189;,
-0.077645;-0.418452;-0.395189;,
0.077645;0.409569;-0.395189;,
-0.077645;0.409569;-0.395189;,
0.077645;-0.418452;-0.395189;,
0.077645;-0.418452;0.410753;,
-0.077645;0.409569;0.410753;,
0.077645;0.409569;0.410753;,
-0.077645;-0.418452;0.410753;,
0.077645;0.409569;-0.395189;,
0.077645;0.499916;-0.500000;,
-0.077645;-0.499916;0.500000;,
-0.077645;-0.418452;0.410753;,
0.077645;0.409569;0.410753;,
0.077645;0.499916;0.500000;,
0.077645;0.499916;0.500000;,
-0.077645;0.499916;-0.500000;,
-0.077645;-0.418452;-0.395189;,
-0.077645;-0.499916;-0.500000;,
-0.077645;-0.418452;0.410753;,
-0.077645;-0.499916;-0.500000;,
-0.052744;-0.466279;0.200203;,
0.052744;0.456758;0.200203;,
0.052744;-0.466279;0.200203;,
-0.052744;0.456758;0.200203;,
-0.052744;-0.464536;0.271400;,
0.052744;0.455687;0.271400;,
-0.052744;0.455687;0.271400;,
0.052744;0.455687;0.271400;,
-0.052744;-0.464536;0.271400;,
0.052744;-0.464536;0.271400;,
0.052744;-0.466279;0.200203;,
0.052744;0.455687;0.271400;,
0.052744;-0.464536;0.271400;,
0.052744;0.456758;0.200203;,
-0.052744;0.456758;0.200203;,
-0.052744;-0.464536;0.271400;,
-0.052744;0.455687;0.271400;,
-0.052744;-0.466279;0.200203;,
-0.052744;-0.466279;-0.046834;,
0.052744;0.456758;-0.036166;,
0.052744;-0.466279;-0.036166;,
-0.052744;0.456758;-0.046834;,
-0.052744;-0.464536;0.024364;,
0.052744;0.455687;0.035031;,
-0.052744;0.455687;0.024364;,
0.052744;0.455687;0.035031;,
-0.052744;-0.464536;0.024364;,
0.052744;-0.464536;0.035031;,
0.052744;-0.466279;-0.036166;,
0.052744;0.455687;0.035031;,
0.052744;-0.464536;0.035031;,
0.052744;0.456758;-0.036166;,
-0.052744;0.456758;-0.046834;,
-0.052744;-0.464536;0.024364;,
-0.052744;0.455687;0.024364;,
-0.052744;-0.466279;-0.046834;,
-0.052744;-0.466279;-0.268991;,
0.052744;0.456758;-0.247865;,
0.052744;-0.466279;-0.247865;,
0.052744;0.456758;-0.247865;,
-0.052744;-0.466279;-0.268991;,
-0.052744;0.456758;-0.268991;,
-0.052744;-0.464536;-0.197794;,
0.052744;0.455687;-0.176668;,
-0.052744;0.455687;-0.197794;,
0.052744;0.455687;-0.176668;,
-0.052744;-0.464536;-0.197794;,
0.052744;-0.464536;-0.176668;,
0.052744;-0.466279;-0.247865;,
0.052744;0.455687;-0.176668;,
0.052744;-0.464536;-0.176668;,
0.052744;0.456758;-0.247865;,
-0.052744;0.456758;-0.268991;,
-0.052744;-0.464536;-0.197794;,
-0.052744;0.455687;-0.197794;,
-0.052744;-0.466279;-0.268991;;

56; // 56 faces 
3;0,1,2;,
3;1,0,3;,
3;4,5,6;,
3;7,8,9;,
3;10,11,12;,
3;13,14,15;,
3;16,17,18;,
3;17,16,19;,
3;20,21,22;,
3;23,20,24;,
3;25,26,27;,
3;26,25,28;,
3;29,30,31;,
3;30,29,32;,
3;33,34,35;,
3;34,33,36;,
3;37,38,39;,
3;38,37,40;,
3;41,42,43;,
3;42,41,44;,
3;22,45,20;,
3;45,22,46;,
3;47,28,48;,
3;28,47,26;,
3;46,49,45;,
3;49,46,50;,
3;51,24,49;,
3;24,51,21;,
3;52,53,25;,
3;53,27,54;,
3;54,55,53;,
3;55,56,47;,
3;57,58,59;,
3;58,57,60;,
3;61,62,63;,
3;64,65,66;,
3;67,68,69;,
3;68,67,70;,
3;71,72,73;,
3;72,71,74;,
3;75,76,77;,
3;76,75,78;,
3;79,80,81;,
3;82,83,84;,
3;85,86,87;,
3;86,85,88;,
3;89,90,91;,
3;90,89,92;,
3;93,94,95;,
3;96,97,98;,
3;99,100,101;,
3;102,103,104;,
3;105,106,107;,
3;106,105,108;,
3;109,110,111;,
3;110,109,112;;

MeshNormals {
113; // 113 normals 
0.000000;-1.000000;0.000000;,
0.000000;-1.000000;0.000000;,
0.000000;-1.000000;0.000000;,
0.000000;-1.000000;0.000000;,
0.000000;0.000000;1.000000;,
0.000000;0.000000;1.000000;,
0.000000;0.000000;1.000000;,
0.000000;0.000000;1.000000;,
0.000000;0.000000;1.000000;,
0.000000;0.000000;1.000000;,
0.000000;0.000000;-1.000000;,
0.000000;0.000000;-1.000000;,
0.000000;0.000000;-1.000000;,
0.000000;0.000000;-1.000000;,
0.000000;0.000000;-1.000000;,
0.000000;0.000000;-1.000000;,
0.000000;1.000000;0.000000;,
0.000000;1.000000;0.000000;,
0.000000;1.000000;0.000000;,
0.000000;1.000000;0.000000;,
1.000000;0.000000;0.000000;,
1.000000;0.000000;0.000000;,
1.000000;0.000000;0.000000;,
1.000000;0.000000;0.000000;,
1.000000;0.000000;0.000000;,
-1.000000;0.000000;0.000000;,
-1.000000;0.000000;0.000000;,
-1.000000;0.000000;0.000000;,
-1.000000;0.000000;0.000000;,
0.000000;-1.000000;0.000000;,
0.000000;-1.000000;0.000000;,
0.000000;-1.000000;0.000000;,
0.000000;-1.000000;0.000000;,
0.000000;1.000000;0.000000;,
0.000000;1.000000;0.000000;,
0.000000;1.000000;0.000000;,
0.000000;1.000000;0.000000;,
0.000000;-0.000000;1.000000;,
0.000000;-0.000000;1.000000;,
0.000000;-0.000000;1.000000;,
0.000000;-0.000000;1.000000;,
0.000000;-0.000000;-1.000000;,
0.000000;-0.000000;-1.000000;,
0.000000;-0.000000;-1.000000;,
0.000000;-0.000000;-1.000000;,
1.000000;0.000000;0.000000;,
1.000000;0.000000;0.000000;,
-1.000000;0.000000;0.000000;,
-1.000000;0.000000;0.000000;,
1.000000;0.000000;0.000000;,
1.000000;0.000000;0.000000;,
1.000000;0.000000;0.000000;,
-1.000000;0.000000;0.000000;,
-1.000000;0.000000;0.000000;,
-1.000000;0.000000;0.000000;,
-1.000000;0.000000;0.000000;,
-1.000000;0.000000;0.000000;,
0.000000;0.000000;-1.000000;,
0.000000;0.000000;-1.000000;,
0.000000;0.000000;-1.000000;,
0.000000;0.000000;-1.000000;,
0.000000;-0.000000;1.000000;,
0.000000;-0.000000;1.000000;,
0.000000;-0.000000;1.000000;,
0.000000;-0.000000;1.000000;,
0.000000;-0.000000;1.000000;,
0.000000;-0.000000;1.000000;,
1.000000;0.000000;0.000000;,
1.000000;0.000000;0.000000;,
1.000000;0.000000;0.000000;,
1.000000;0.000000;0.000000;,
-1.000000;0.000000;0.000000;,
-1.000000;0.000000;0.000000;,
-1.000000;0.000000;0.000000;,
-1.000000;0.000000;0.000000;,
0.076324;0.000000;-0.997083;,
0.076324;0.000000;-0.997083;,
0.076324;0.000000;-0.997083;,
0.076324;0.000000;-0.997083;,
-0.076324;-0.000000;0.997083;,
-0.076324;-0.000000;0.997083;,
-0.076324;-0.000000;0.997083;,
-0.076324;-0.000000;0.997083;,
-0.076324;-0.000000;0.997083;,
-0.076324;-0.000000;0.997083;,
1.000000;0.000000;0.000000;,
1.000000;0.000000;0.000000;,
1.000000;0.000000;0.000000;,
1.000000;0.000000;0.000000;,
-1.000000;0.000000;0.000000;,
-1.000000;0.000000;0.000000;,
-1.000000;0.000000;0.000000;,
-1.000000;0.000000;0.000000;,
0.149883;0.000000;-0.988704;,
0.149883;0.000000;-0.988704;,
0.149883;0.000000;-0.988704;,
0.149883;0.000000;-0.988704;,
0.149883;0.000000;-0.988704;,
0.149883;0.000000;-0.988704;,
-0.149883;-0.000000;0.988704;,
-0.149883;-0.000000;0.988704;,
-0.149883;-0.000000;0.988704;,
-0.149883;-0.000000;0.988704;,
-0.149883;-0.000000;0.988704;,
-0.149883;-0.000000;0.988704;,
1.000000;0.000000;0.000000;,
1.000000;0.000000;0.000000;,
1.000000;0.000000;0.000000;,
1.000000;0.000000;0.000000;,
-1.000000;0.000000;0.000000;,
-1.000000;0.000000;0.000000;,
-1.000000;0.000000;0.000000;,
-1.000000;0.000000;0.000000;;

56; // 56 faces 
3;0,1,2;,
3;1,0,3;,
3;4,5,6;,
3;7,8,9;,
3;10,11,12;,
3;13,14,15;,
3;16,17,18;,
3;17,16,19;,
3;20,21,22;,
3;23,20,24;,
3;25,26,27;,
3;26,25,28;,
3;29,30,31;,
3;30,29,32;,
3;33,34,35;,
3;34,33,36;,
3;37,38,39;,
3;38,37,40;,
3;41,42,43;,
3;42,41,44;,
3;22,45,20;,
3;45,22,46;,
3;47,28,48;,
3;28,47,26;,
3;46,49,45;,
3;49,46,50;,
3;51,24,49;,
3;24,51,21;,
3;52,53,25;,
3;53,27,54;,
3;54,55,53;,
3;55,56,47;,
3;57,58,59;,
3;58,57,60;,
3;61,62,63;,
3;64,65,66;,
3;67,68,69;,
3;68,67,70;,
3;71,72,73;,
3;72,71,74;,
3;75,76,77;,
3;76,75,78;,
3;79,80,81;,
3;82,83,84;,
3;85,86,87;,
3;86,85,88;,
3;89,90,91;,
3;90,89,92;,
3;93,94,95;,
3;96,97,98;,
3;99,100,101;,
3;102,103,104;,
3;105,106,107;,
3;106,105,108;,
3;109,110,111;,
3;110,109,112;;
}
MeshMaterialList {
 1; // Number of unique materials
 56; // Number of faces
0,0,0,0,0,0,0,0,0,0,0,0,0,0,0,0,0,0,0,0,0,0,0,0,0,0,0,0,0,0,0,0,0,0,0,0,0,0,0,0,0,0,0,0,0,0,0,0,0,0,0,0,0,0,0,0;;
Material {
0.588000;0.588000;0.588000;1.000000;;
0.0;
0.900000;0.900000;0.900000;;
1.000000;0.000000;0.000000;;
TextureFilename {"Texture/blocks/door_iron_lower.png";}
}
}// materials
MeshTextureCoords {
113; // 113 UV
0.000500;-0.001000;,
0.000500;-0.999000;,
0.000500;-0.001000;,
0.000500;-0.999000;,
0.999500;-0.999000;,
0.000500;-0.999000;,
0.999500;-0.999000;,
0.000500;-0.999000;,
0.999500;-0.999000;,
0.000500;-0.999000;,
0.000500;-0.001000;,
0.999500;-0.001000;,
0.000500;-0.001000;,
0.999500;-0.001000;,
0.000500;-0.001000;,
0.999500;-0.001000;,
0.999500;-0.999000;,
0.999500;-0.001000;,
0.999500;-0.001000;,
0.999500;-0.999000;,
0.081896;-0.117682;,
0.000500;-0.999000;,
0.000500;-0.001000;,
0.000500;-0.999000;,
0.081896;-0.910343;,
0.909228;-0.117682;,
0.999500;-0.999000;,
0.999500;-0.001000;,
0.909228;-0.910343;,
0.909228;-0.910342;,
0.909228;-0.117682;,
0.909228;-0.117682;,
0.909228;-0.910343;,
0.081896;-0.117682;,
0.081896;-0.910343;,
0.081896;-0.910343;,
0.081896;-0.117682;,
0.081896;-0.117682;,
0.909228;-0.117682;,
0.909228;-0.117682;,
0.081896;-0.117682;,
0.081896;-0.910343;,
0.909228;-0.910343;,
0.909228;-0.910342;,
0.081896;-0.910343;,
0.909228;-0.117682;,
0.999500;-0.001000;,
0.000500;-0.999000;,
0.081896;-0.910343;,
0.909228;-0.910342;,
0.999500;-0.999000;,
0.999500;-0.999000;,
0.999500;-0.001000;,
0.081896;-0.117682;,
0.000500;-0.001000;,
0.081896;-0.910343;,
0.000500;-0.001000;,
0.032705;-0.001000;,
0.957727;-0.001000;,
0.023858;-0.001000;,
0.967971;-0.001000;,
0.035413;-0.108219;,
0.955698;-0.108093;,
0.955321;-0.106575;,
0.955698;-0.108093;,
0.035413;-0.108219;,
0.035834;-0.106661;,
0.023858;-0.001000;,
0.955698;-0.108093;,
0.035834;-0.106661;,
0.957727;-0.001000;,
0.967971;-0.001000;,
0.035413;-0.108219;,
0.955321;-0.106575;,
0.032705;-0.001000;,
0.032705;-0.001000;,
0.957727;-0.001000;,
0.023858;-0.001000;,
0.967971;-0.001000;,
0.035413;-0.108219;,
0.955698;-0.108093;,
0.955321;-0.106575;,
0.955698;-0.108093;,
0.035413;-0.108219;,
0.035834;-0.106661;,
0.023858;-0.001000;,
0.955698;-0.108093;,
0.035834;-0.106661;,
0.957727;-0.001000;,
0.967971;-0.001000;,
0.035413;-0.108219;,
0.955321;-0.106575;,
0.032705;-0.001000;,
0.032705;-0.001000;,
0.957727;-0.001000;,
0.023858;-0.001000;,
0.957727;-0.001000;,
0.032705;-0.001000;,
0.967971;-0.001000;,
0.035413;-0.108219;,
0.955698;-0.108093;,
0.955321;-0.106575;,
0.955698;-0.108093;,
0.035413;-0.108219;,
0.035834;-0.106661;,
0.023858;-0.001000;,
0.955698;-0.108093;,
0.035834;-0.106661;,
0.957727;-0.001000;,
0.967971;-0.001000;,
0.035413;-0.108219;,
0.955321;-0.106575;,
0.032705;-0.001000;;
}// UV
}// mesh
