xof 0303txt 0032
// Exported by ParaEngine X file exporter V0.2
ParaXHeader header{
112,97,114,97;
1,0,0,0;
1;
0;
0.336541;-0.550000;-0.500000;;
0.530679;0.450000;0.500000;;
3;
}
Mesh mesh_object{
120; // 120 vertices 
0.495505;0.017696;-0.500000;,
0.371715;-0.117696;-0.500000;,
0.371715;0.017696;-0.500000;,
0.495505;-0.117696;-0.500000;,
0.495505;0.017696;0.500000;,
0.371715;-0.117696;0.500000;,
0.495505;-0.117696;0.500000;,
0.371715;0.017696;0.500000;,
0.495505;0.017696;-0.500000;,
0.495505;-0.117696;0.500000;,
0.495505;-0.117696;-0.500000;,
0.495505;0.017696;0.500000;,
0.495505;-0.117696;-0.500000;,
0.371715;-0.117696;0.500000;,
0.371715;-0.117696;-0.500000;,
0.495505;-0.117696;0.500000;,
0.371715;-0.117696;-0.500000;,
0.371715;0.017696;0.500000;,
0.371715;0.017696;-0.500000;,
0.371715;-0.117696;0.500000;,
0.371715;0.017696;-0.500000;,
0.495505;0.017696;0.500000;,
0.495505;0.017696;-0.500000;,
0.371715;0.017696;0.500000;,
0.495505;-0.440841;0.500000;,
0.371715;-0.305449;0.500000;,
0.371715;-0.440841;0.500000;,
0.495505;-0.305449;0.500000;,
0.495505;-0.440841;-0.500000;,
0.371715;-0.305449;-0.500000;,
0.495505;-0.305449;-0.500000;,
0.371715;-0.440841;-0.500000;,
0.495505;-0.440841;0.500000;,
0.495505;-0.305449;-0.500000;,
0.495505;-0.305449;0.500000;,
0.495505;-0.440841;-0.500000;,
0.495505;-0.305449;0.500000;,
0.371715;-0.305449;-0.500000;,
0.371715;-0.305449;0.500000;,
0.495505;-0.305449;-0.500000;,
0.371715;-0.305449;0.500000;,
0.371715;-0.440841;-0.500000;,
0.371715;-0.440841;0.500000;,
0.371715;-0.305449;-0.500000;,
0.371715;-0.440841;0.500000;,
0.495505;-0.440841;-0.500000;,
0.495505;-0.440841;0.500000;,
0.371715;-0.440841;-0.500000;,
0.495505;0.199369;0.500000;,
0.371715;0.334761;0.500000;,
0.371715;0.199369;0.500000;,
0.495505;0.334761;0.500000;,
0.495505;0.199369;-0.500000;,
0.371715;0.334761;-0.500000;,
0.495505;0.334761;-0.500000;,
0.371715;0.199369;-0.500000;,
0.495505;0.199369;0.500000;,
0.495505;0.334761;-0.500000;,
0.495505;0.334761;0.500000;,
0.495505;0.199369;-0.500000;,
0.495505;0.334761;0.500000;,
0.371715;0.334761;-0.500000;,
0.371715;0.334761;0.500000;,
0.495505;0.334761;-0.500000;,
0.371715;0.334761;0.500000;,
0.371715;0.199369;-0.500000;,
0.371715;0.199369;0.500000;,
0.371715;0.334761;-0.500000;,
0.371715;0.199369;0.500000;,
0.495505;0.199369;-0.500000;,
0.495505;0.199369;0.500000;,
0.371715;0.199369;-0.500000;,
0.530679;-0.550000;0.313381;,
0.336541;-0.550000;0.448773;,
0.336541;-0.550000;0.313381;,
0.530679;-0.550000;0.448773;,
0.530679;0.450000;0.313381;,
0.336541;0.450000;0.448773;,
0.530679;0.450000;0.448773;,
0.336541;0.450000;0.313381;,
0.530679;-0.550000;0.313381;,
0.530679;0.450000;0.448773;,
0.530679;-0.550000;0.448773;,
0.530679;0.450000;0.313381;,
0.530679;-0.550000;0.448773;,
0.336541;0.450000;0.448773;,
0.336541;-0.550000;0.448773;,
0.530679;0.450000;0.448773;,
0.336541;-0.550000;0.448773;,
0.336541;0.450000;0.313381;,
0.336541;-0.550000;0.313381;,
0.336541;0.450000;0.448773;,
0.336541;-0.550000;0.313381;,
0.530679;0.450000;0.313381;,
0.530679;-0.550000;0.313381;,
0.336541;0.450000;0.313381;,
0.530679;-0.550000;-0.470842;,
0.336541;-0.550000;-0.335449;,
0.336541;-0.550000;-0.470842;,
0.530679;-0.550000;-0.335449;,
0.530679;0.450000;-0.470841;,
0.336541;0.450000;-0.335449;,
0.530679;0.450000;-0.335449;,
0.336541;0.450000;-0.470841;,
0.530679;-0.550000;-0.470842;,
0.530679;0.450000;-0.335449;,
0.530679;-0.550000;-0.335449;,
0.530679;0.450000;-0.470841;,
0.530679;-0.550000;-0.335449;,
0.336541;0.450000;-0.335449;,
0.336541;-0.550000;-0.335449;,
0.530679;0.450000;-0.335449;,
0.336541;-0.550000;-0.335449;,
0.336541;0.450000;-0.470841;,
0.336541;-0.550000;-0.470842;,
0.336541;0.450000;-0.335449;,
0.336541;-0.550000;-0.470842;,
0.530679;0.450000;-0.470841;,
0.530679;-0.550000;-0.470842;,
0.336541;0.450000;-0.470841;;

60; // 60 faces 
3;0,1,2;,
3;1,0,3;,
3;4,5,6;,
3;5,4,7;,
3;8,9,10;,
3;9,8,11;,
3;12,13,14;,
3;13,12,15;,
3;16,17,18;,
3;17,16,19;,
3;20,21,22;,
3;21,20,23;,
3;24,25,26;,
3;25,24,27;,
3;28,29,30;,
3;29,28,31;,
3;32,33,34;,
3;33,32,35;,
3;36,37,38;,
3;37,36,39;,
3;40,41,42;,
3;41,40,43;,
3;44,45,46;,
3;45,44,47;,
3;48,49,50;,
3;49,48,51;,
3;52,53,54;,
3;53,52,55;,
3;56,57,58;,
3;57,56,59;,
3;60,61,62;,
3;61,60,63;,
3;64,65,66;,
3;65,64,67;,
3;68,69,70;,
3;69,68,71;,
3;72,73,74;,
3;73,72,75;,
3;76,77,78;,
3;77,76,79;,
3;80,81,82;,
3;81,80,83;,
3;84,85,86;,
3;85,84,87;,
3;88,89,90;,
3;89,88,91;,
3;92,93,94;,
3;93,92,95;,
3;96,97,98;,
3;97,96,99;,
3;100,101,102;,
3;101,100,103;,
3;104,105,106;,
3;105,104,107;,
3;108,109,110;,
3;109,108,111;,
3;112,113,114;,
3;113,112,115;,
3;116,117,118;,
3;117,116,119;;

MeshNormals {
120; // 120 normals 
0.000000;0.000000;-1.000000;,
0.000000;0.000000;-1.000000;,
0.000000;0.000000;-1.000000;,
0.000000;0.000000;-1.000000;,
0.000000;0.000000;1.000000;,
0.000000;0.000000;1.000000;,
0.000000;0.000000;1.000000;,
0.000000;0.000000;1.000000;,
1.000000;0.000000;-0.000000;,
1.000000;0.000000;-0.000000;,
1.000000;0.000000;-0.000000;,
1.000000;0.000000;-0.000000;,
0.000000;-1.000000;-0.000000;,
0.000000;-1.000000;-0.000000;,
0.000000;-1.000000;-0.000000;,
0.000000;-1.000000;-0.000000;,
-1.000000;-0.000000;0.000000;,
-1.000000;-0.000000;0.000000;,
-1.000000;-0.000000;0.000000;,
-1.000000;-0.000000;0.000000;,
-0.000000;1.000000;0.000000;,
-0.000000;1.000000;0.000000;,
-0.000000;1.000000;0.000000;,
-0.000000;1.000000;0.000000;,
0.000000;0.000000;1.000000;,
0.000000;0.000000;1.000000;,
0.000000;0.000000;1.000000;,
0.000000;0.000000;1.000000;,
0.000000;0.000000;-1.000000;,
0.000000;0.000000;-1.000000;,
0.000000;0.000000;-1.000000;,
0.000000;0.000000;-1.000000;,
1.000000;0.000000;0.000000;,
1.000000;0.000000;0.000000;,
1.000000;0.000000;0.000000;,
1.000000;0.000000;0.000000;,
-0.000000;1.000000;0.000000;,
-0.000000;1.000000;0.000000;,
-0.000000;1.000000;0.000000;,
-0.000000;1.000000;0.000000;,
-1.000000;-0.000000;-0.000000;,
-1.000000;-0.000000;-0.000000;,
-1.000000;-0.000000;-0.000000;,
-1.000000;-0.000000;-0.000000;,
0.000000;-1.000000;0.000000;,
0.000000;-1.000000;0.000000;,
0.000000;-1.000000;0.000000;,
0.000000;-1.000000;0.000000;,
0.000000;0.000000;1.000000;,
0.000000;0.000000;1.000000;,
0.000000;0.000000;1.000000;,
0.000000;0.000000;1.000000;,
0.000000;0.000000;-1.000000;,
0.000000;0.000000;-1.000000;,
0.000000;0.000000;-1.000000;,
0.000000;0.000000;-1.000000;,
1.000000;0.000000;0.000000;,
1.000000;0.000000;0.000000;,
1.000000;0.000000;0.000000;,
1.000000;0.000000;0.000000;,
-0.000000;1.000000;0.000000;,
-0.000000;1.000000;0.000000;,
-0.000000;1.000000;0.000000;,
-0.000000;1.000000;0.000000;,
-1.000000;-0.000000;-0.000000;,
-1.000000;-0.000000;-0.000000;,
-1.000000;-0.000000;-0.000000;,
-1.000000;-0.000000;-0.000000;,
0.000000;-1.000000;0.000000;,
0.000000;-1.000000;0.000000;,
0.000000;-1.000000;0.000000;,
0.000000;-1.000000;0.000000;,
0.000000;-1.000000;0.000000;,
0.000000;-1.000000;0.000000;,
0.000000;-1.000000;0.000000;,
0.000000;-1.000000;0.000000;,
-0.000000;1.000000;0.000000;,
-0.000000;1.000000;0.000000;,
-0.000000;1.000000;0.000000;,
-0.000000;1.000000;0.000000;,
1.000000;-0.000000;0.000000;,
1.000000;-0.000000;0.000000;,
1.000000;-0.000000;0.000000;,
1.000000;-0.000000;0.000000;,
0.000000;-0.000000;1.000000;,
0.000000;-0.000000;1.000000;,
0.000000;-0.000000;1.000000;,
0.000000;-0.000000;1.000000;,
-1.000000;0.000000;0.000000;,
-1.000000;0.000000;0.000000;,
-1.000000;0.000000;0.000000;,
-1.000000;0.000000;0.000000;,
-0.000000;0.000000;-1.000000;,
-0.000000;0.000000;-1.000000;,
-0.000000;0.000000;-1.000000;,
-0.000000;0.000000;-1.000000;,
0.000000;-1.000000;0.000000;,
0.000000;-1.000000;0.000000;,
0.000000;-1.000000;0.000000;,
0.000000;-1.000000;0.000000;,
-0.000001;1.000000;0.000000;,
-0.000001;1.000000;0.000000;,
-0.000001;1.000000;0.000000;,
-0.000001;1.000000;0.000000;,
1.000000;-0.000000;0.000000;,
1.000000;-0.000000;0.000000;,
1.000000;-0.000000;0.000000;,
1.000000;-0.000000;0.000000;,
-0.000000;-0.000000;1.000000;,
-0.000000;-0.000000;1.000000;,
0.000000;-0.000000;1.000000;,
-0.000000;-0.000000;1.000000;,
-1.000000;0.000000;0.000000;,
-1.000000;0.000000;0.000000;,
-1.000000;0.000000;0.000000;,
-1.000000;0.000000;0.000000;,
0.000000;0.000000;-1.000000;,
0.000000;0.000000;-1.000000;,
0.000000;0.000000;-1.000000;,
-0.000000;0.000000;-1.000000;;

60; // 60 faces 
3;0,1,2;,
3;1,0,3;,
3;4,5,6;,
3;5,4,7;,
3;8,9,10;,
3;9,8,11;,
3;12,13,14;,
3;13,12,15;,
3;16,17,18;,
3;17,16,19;,
3;20,21,22;,
3;21,20,23;,
3;24,25,26;,
3;25,24,27;,
3;28,29,30;,
3;29,28,31;,
3;32,33,34;,
3;33,32,35;,
3;36,37,38;,
3;37,36,39;,
3;40,41,42;,
3;41,40,43;,
3;44,45,46;,
3;45,44,47;,
3;48,49,50;,
3;49,48,51;,
3;52,53,54;,
3;53,52,55;,
3;56,57,58;,
3;57,56,59;,
3;60,61,62;,
3;61,60,63;,
3;64,65,66;,
3;65,64,67;,
3;68,69,70;,
3;69,68,71;,
3;72,73,74;,
3;73,72,75;,
3;76,77,78;,
3;77,76,79;,
3;80,81,82;,
3;81,80,83;,
3;84,85,86;,
3;85,84,87;,
3;88,89,90;,
3;89,88,91;,
3;92,93,94;,
3;93,92,95;,
3;96,97,98;,
3;97,96,99;,
3;100,101,102;,
3;101,100,103;,
3;104,105,106;,
3;105,104,107;,
3;108,109,110;,
3;109,108,111;,
3;112,113,114;,
3;113,112,115;,
3;116,117,118;,
3;117,116,119;;
}
MeshMaterialList {
 1; // Number of unique materials
 60; // Number of faces
0,0,0,0,0,0,0,0,0,0,0,0,0,0,0,0,0,0,0,0,0,0,0,0,0,0,0,0,0,0,0,0,0,0,0,0,0,0,0,0,0,0,0,0,0,0,0,0,0,0,0,0,0,0,0,0,0,0,0,0;;
Material {
0.588000;0.588000;0.588000;1.000000;;
0.0;
0.900000;0.900000;0.900000;;
1.000000;0.000000;0.000000;;
TextureFilename {"Texture/blocks/rail_normal.png";}
}
}// materials
MeshTextureCoords {
120; // 120 UV
0.958380;-0.719617;,
0.991886;-0.555380;,
0.991886;-0.719617;,
0.958380;-0.555380;,
0.034275;-0.555380;,
0.004847;-0.719617;,
0.034275;-0.719617;,
0.004847;-0.555380;,
0.958380;-0.555380;,
0.034275;-0.719617;,
0.958380;-0.719617;,
0.034275;-0.555380;,
0.958380;-0.719617;,
0.034275;-0.838934;,
0.958380;-0.838934;,
0.034275;-0.719617;,
0.958380;-0.838934;,
0.036674;-0.971066;,
0.960780;-0.971066;,
0.034275;-0.838934;,
0.958380;-0.464754;,
0.034275;-0.555380;,
0.958380;-0.555380;,
0.034275;-0.464754;,
0.958380;-0.719617;,
0.991886;-0.555380;,
0.991886;-0.719617;,
0.958380;-0.555380;,
0.034275;-0.555380;,
0.004847;-0.719617;,
0.034275;-0.719617;,
0.004847;-0.555380;,
0.958380;-0.555380;,
0.034275;-0.719617;,
0.958380;-0.719617;,
0.034275;-0.555380;,
0.958380;-0.719617;,
0.034275;-0.838934;,
0.958380;-0.838934;,
0.034275;-0.719617;,
0.958380;-0.838934;,
0.036674;-0.971066;,
0.960780;-0.971066;,
0.034275;-0.838934;,
0.958380;-0.464754;,
0.034275;-0.555380;,
0.958380;-0.555380;,
0.034275;-0.464754;,
0.958380;-0.719617;,
0.991886;-0.555380;,
0.991886;-0.719617;,
0.958380;-0.555380;,
0.034275;-0.555380;,
0.004847;-0.719617;,
0.034275;-0.719617;,
0.004847;-0.555380;,
0.958380;-0.555380;,
0.034275;-0.719617;,
0.958380;-0.719617;,
0.034275;-0.555380;,
0.958380;-0.719617;,
0.034275;-0.838934;,
0.958380;-0.838934;,
0.034275;-0.719617;,
0.958380;-0.838934;,
0.036674;-0.971066;,
0.960780;-0.971066;,
0.034275;-0.838934;,
0.958380;-0.464754;,
0.034275;-0.555380;,
0.958380;-0.555380;,
0.034275;-0.464754;,
0.958380;-0.682186;,
0.991886;-0.517949;,
0.991886;-0.682186;,
0.958380;-0.517949;,
0.034275;-0.517949;,
0.004847;-0.682186;,
0.034275;-0.682186;,
0.004847;-0.517949;,
0.958380;-0.517949;,
0.034275;-0.682186;,
0.958380;-0.682186;,
0.034275;-0.517949;,
0.958380;-0.682186;,
0.034275;-0.820219;,
0.958380;-0.820219;,
0.034275;-0.682186;,
0.958380;-0.820219;,
0.036674;-0.952351;,
0.960780;-0.952351;,
0.034275;-0.820219;,
0.958380;-0.455396;,
0.034275;-0.517949;,
0.958380;-0.517949;,
0.034275;-0.455396;,
0.958380;-0.682186;,
0.991886;-0.517949;,
0.991886;-0.682186;,
0.958380;-0.517949;,
0.034275;-0.517949;,
0.004847;-0.682186;,
0.034275;-0.682186;,
0.004847;-0.517949;,
0.958380;-0.517949;,
0.034275;-0.682186;,
0.958380;-0.682186;,
0.034275;-0.517949;,
0.958380;-0.682186;,
0.034275;-0.820219;,
0.958380;-0.820219;,
0.034275;-0.682186;,
0.958380;-0.820219;,
0.036674;-0.952351;,
0.960780;-0.952351;,
0.034275;-0.820219;,
0.958380;-0.455396;,
0.034275;-0.517949;,
0.958380;-0.517949;,
0.034275;-0.455396;;
}// UV
}// mesh
