xof 0303txt 0032
// Exported by ParaEngine X file exporter V0.2
ParaXHeader header{
112,97,114,97;
1,0,0,0;
1;
0;
-0.005000;-0.505000;-0.005000;;
0.005000;-0.495000;0.005000;;
3;
}
Mesh mesh_object{
12; // 12 vertices 
0.500000;0.498211;0.000000;,
-0.500000;-0.500503;0.000000;,
-0.500000;0.498211;0.000000;,
-0.500000;-0.500503;0.000000;,
0.500000;0.498211;0.000000;,
0.500000;-0.500503;0.000000;,
0.000000;0.498211;0.500000;,
0.000000;-0.500503;-0.500000;,
0.000000;0.498211;-0.500000;,
0.000000;-0.500503;-0.500000;,
0.000000;0.498211;0.500000;,
0.000000;-0.500503;0.500000;;

4; // 4 faces 
3;0,1,2;,
3;3,4,5;,
3;6,7,8;,
3;9,10,11;;

MeshNormals {
12; // 12 normals 
0.000000;0.000000;-1.000000;,
0.000000;0.000000;-1.000000;,
0.000000;0.000000;-1.000000;,
0.000000;0.000000;-1.000000;,
0.000000;0.000000;-1.000000;,
0.000000;0.000000;-1.000000;,
1.000000;0.000000;0.000000;,
1.000000;0.000000;0.000000;,
1.000000;0.000000;0.000000;,
1.000000;0.000000;0.000000;,
1.000000;0.000000;0.000000;,
1.000000;0.000000;0.000000;;

4; // 4 faces 
3;0,1,2;,
3;3,4,5;,
3;6,7,8;,
3;9,10,11;;
}
MeshMaterialList {
 1; // Number of unique materials
 4; // Number of faces
0,0,0,0;;
Material {
0.274510;0.274510;0.274510;1.000000;;
131000.0;
0.900000;0.900000;0.900000;;
1.000000;0.000000;0.000000;;
TextureFilename {"model/04deco/v5/blockworld/05plants/02grass/Grass01.dds";}
}
}// materials
MeshTextureCoords {
12; // 12 UV
0.888653;-0.991890;,
0.192447;-0.065624;,
0.192447;-0.991890;,
0.192447;-0.065624;,
0.888653;-0.991890;,
0.888653;-0.065624;,
0.888653;-0.991890;,
0.192447;-0.065624;,
0.192447;-0.991890;,
0.192447;-0.065624;,
0.888653;-0.991890;,
0.888653;-0.065624;;
}// UV
}// mesh
