xof 0303txt 0032
// Exported by ParaEngine X file exporter V0.2
ParaXHeader header{
112,97,114,97;
1,0,0,0;
1;
0;
-0.486564;-0.500661;-0.492601;;
0.540419;-0.356234;0.546267;;
3;
}
Mesh mesh_object{
216; // 216 vertices 
-0.212962;-0.497980;-0.323723;,
-0.329493;-0.419456;-0.204689;,
-0.212962;-0.419456;-0.323723;,
-0.329493;-0.497980;-0.204689;,
0.540419;-0.497980;0.441573;,
0.435045;-0.419456;0.546267;,
0.435045;-0.497980;0.546267;,
0.540419;-0.419456;0.441573;,
-0.212962;-0.497980;-0.323723;,
0.435045;-0.497980;0.546267;,
-0.329493;-0.497980;-0.204689;,
0.540419;-0.497980;0.441573;,
-0.329493;-0.497980;-0.204689;,
0.435045;-0.419456;0.546267;,
-0.329493;-0.419456;-0.204689;,
0.435045;-0.497980;0.546267;,
-0.329493;-0.419456;-0.204689;,
0.540419;-0.419456;0.441573;,
-0.212962;-0.419456;-0.323723;,
0.435045;-0.419456;0.546267;,
-0.212962;-0.419456;-0.323723;,
0.540419;-0.497980;0.441573;,
-0.212962;-0.497980;-0.323723;,
0.540419;-0.419456;0.441573;,
0.487741;-0.497980;0.490674;,
0.511812;-0.425501;0.345129;,
0.487742;-0.425501;0.490674;,
0.511812;-0.497980;0.345129;,
-0.486564;-0.497980;0.349966;,
-0.462612;-0.425501;0.178925;,
-0.462612;-0.497980;0.178925;,
-0.486564;-0.425501;0.349966;,
0.487741;-0.497980;0.490674;,
-0.462612;-0.497980;0.178925;,
0.511812;-0.497980;0.345129;,
-0.486564;-0.497980;0.349966;,
0.511812;-0.497980;0.345129;,
-0.462612;-0.425501;0.178925;,
0.511812;-0.425501;0.345129;,
-0.462612;-0.497980;0.178925;,
0.511812;-0.425501;0.345129;,
-0.486564;-0.425501;0.349966;,
0.487742;-0.425501;0.490674;,
-0.462612;-0.425501;0.178925;,
0.487742;-0.425501;0.490674;,
-0.486564;-0.497980;0.349966;,
0.487741;-0.497980;0.490674;,
-0.486564;-0.425501;0.349966;,
0.344976;-0.497980;0.521598;,
0.487531;-0.421014;0.489902;,
0.344976;-0.421014;0.521598;,
0.487531;-0.497980;0.489902;,
0.152001;-0.497980;-0.468610;,
0.316559;-0.421014;-0.492601;,
0.316559;-0.497980;-0.492601;,
0.152001;-0.421014;-0.468610;,
0.344976;-0.497980;0.521598;,
0.316559;-0.497980;-0.492601;,
0.487531;-0.497980;0.489902;,
0.152001;-0.497980;-0.468610;,
0.487531;-0.497980;0.489902;,
0.316559;-0.421014;-0.492601;,
0.487531;-0.421014;0.489902;,
0.316559;-0.497980;-0.492601;,
0.487531;-0.421014;0.489902;,
0.152001;-0.421014;-0.468610;,
0.344976;-0.421014;0.521598;,
0.316559;-0.421014;-0.492601;,
0.344976;-0.421014;0.521598;,
0.152001;-0.497980;-0.468610;,
0.344976;-0.497980;0.521598;,
0.152001;-0.421014;-0.468610;,
0.499931;-0.500452;0.319416;,
0.499931;-0.356402;0.195237;,
0.499931;-0.356402;0.319416;,
0.499931;-0.500452;0.195237;,
0.316275;-0.500450;0.502265;,
0.191381;-0.356407;0.501579;,
0.191381;-0.500450;0.501579;,
0.316275;-0.356407;0.502265;,
0.499931;-0.500452;0.319416;,
0.357878;-0.500454;0.190945;,
0.499931;-0.500452;0.195237;,
0.426139;-0.500454;0.319727;,
0.499931;-0.356402;0.195237;,
0.357878;-0.500454;0.190945;,
0.357878;-0.356402;0.190945;,
0.499931;-0.500452;0.195237;,
0.499931;-0.356402;0.319416;,
0.357878;-0.356402;0.190945;,
0.426139;-0.356402;0.319727;,
0.499931;-0.356402;0.195237;,
0.499931;-0.500452;0.319416;,
0.426139;-0.356402;0.319727;,
0.426139;-0.500454;0.319727;,
0.499931;-0.356402;0.319416;,
0.500000;-0.500389;-0.192127;,
0.500000;-0.356416;-0.316167;,
0.500000;-0.356416;-0.192127;,
0.500000;-0.500389;-0.316167;,
-0.194952;-0.500352;0.501176;,
-0.320304;-0.356440;0.501176;,
-0.320304;-0.500352;0.501176;,
-0.194952;-0.356440;0.501176;,
0.500000;-0.500389;-0.192127;,
0.129178;-0.500661;-0.296796;,
0.500000;-0.500389;-0.316167;,
0.184343;-0.500661;-0.164100;,
0.500000;-0.356416;-0.316167;,
0.129178;-0.500661;-0.296796;,
0.129178;-0.356234;-0.296796;,
0.500000;-0.500389;-0.316167;,
0.500000;-0.356416;-0.192127;,
0.129178;-0.356234;-0.296796;,
0.184343;-0.356234;-0.164100;,
0.500000;-0.356416;-0.316167;,
0.500000;-0.500389;-0.192127;,
0.184343;-0.356234;-0.164100;,
0.184343;-0.500661;-0.164100;,
0.500000;-0.356416;-0.192127;,
0.187781;-0.500454;0.350204;,
0.349900;-0.500451;0.353484;,
0.317854;-0.500454;0.414025;,
0.249716;-0.500451;0.253096;,
0.187781;-0.356402;0.350204;,
0.249716;-0.500451;0.253096;,
0.187781;-0.500454;0.350204;,
0.249716;-0.356411;0.253096;,
0.349900;-0.356411;0.353484;,
0.187781;-0.356402;0.350204;,
0.317854;-0.356402;0.414025;,
0.249716;-0.356411;0.253096;,
0.317854;-0.500454;0.414025;,
0.349900;-0.356411;0.353484;,
0.317854;-0.356402;0.414025;,
0.349900;-0.500451;0.353484;,
0.357878;-0.500454;0.190945;,
0.349900;-0.500451;0.353484;,
0.249716;-0.500451;0.253096;,
0.426139;-0.500454;0.319727;,
0.249716;-0.356411;0.253096;,
0.357878;-0.500454;0.190945;,
0.249716;-0.500451;0.253096;,
0.357878;-0.356402;0.190945;,
0.349900;-0.356411;0.353484;,
0.357878;-0.356402;0.190945;,
0.249716;-0.356411;0.253096;,
0.426139;-0.356402;0.319727;,
0.349900;-0.500451;0.353484;,
0.426139;-0.356402;0.319727;,
0.349900;-0.356411;0.353484;,
0.426139;-0.500454;0.319727;,
0.187781;-0.500454;0.350204;,
0.316275;-0.500450;0.502265;,
0.191381;-0.500450;0.501579;,
0.317854;-0.500454;0.414025;,
0.191381;-0.356407;0.501579;,
0.187781;-0.500454;0.350204;,
0.191381;-0.500450;0.501579;,
0.187781;-0.356402;0.350204;,
0.316275;-0.356407;0.502265;,
0.187781;-0.356402;0.350204;,
0.191381;-0.356407;0.501579;,
0.317854;-0.356402;0.414025;,
0.316275;-0.500450;0.502265;,
0.317854;-0.356402;0.414025;,
0.316275;-0.356407;0.502265;,
0.317854;-0.500454;0.414025;,
-0.278372;-0.500661;0.127724;,
-0.042644;-0.500661;-0.029261;,
-0.148849;-0.500661;0.188897;,
-0.150463;-0.500661;-0.140075;,
-0.278372;-0.356234;0.127724;,
-0.150463;-0.500661;-0.140075;,
-0.278372;-0.500661;0.127724;,
-0.150463;-0.356234;-0.140075;,
-0.042644;-0.356234;-0.029261;,
-0.278372;-0.356234;0.127724;,
-0.148849;-0.356234;0.188897;,
-0.150463;-0.356234;-0.140075;,
-0.148849;-0.500661;0.188897;,
-0.042644;-0.356234;-0.029261;,
-0.148849;-0.356234;0.188897;,
-0.042644;-0.500661;-0.029261;,
0.129178;-0.500661;-0.296796;,
-0.042644;-0.500661;-0.029261;,
-0.150463;-0.500661;-0.140075;,
0.184343;-0.500661;-0.164100;,
-0.150463;-0.356234;-0.140075;,
0.129178;-0.500661;-0.296796;,
-0.150463;-0.500661;-0.140075;,
0.129178;-0.356234;-0.296796;,
-0.042644;-0.356234;-0.029261;,
0.129178;-0.356234;-0.296796;,
-0.150463;-0.356234;-0.140075;,
0.184343;-0.356234;-0.164100;,
-0.042644;-0.500661;-0.029261;,
0.184343;-0.356234;-0.164100;,
-0.042644;-0.356234;-0.029261;,
0.184343;-0.500661;-0.164100;,
-0.278372;-0.500661;0.127724;,
-0.194952;-0.500352;0.501176;,
-0.320304;-0.500352;0.501176;,
-0.148849;-0.500661;0.188897;,
-0.320304;-0.356440;0.501176;,
-0.278372;-0.500661;0.127724;,
-0.320304;-0.500352;0.501176;,
-0.278372;-0.356234;0.127724;,
-0.194952;-0.356440;0.501176;,
-0.278372;-0.356234;0.127724;,
-0.320304;-0.356440;0.501176;,
-0.148849;-0.356234;0.188897;,
-0.194952;-0.500352;0.501176;,
-0.148849;-0.356234;0.188897;,
-0.194952;-0.356440;0.501176;,
-0.148849;-0.500661;0.188897;;

108; // 108 faces 
3;0,1,2;,
3;1,0,3;,
3;4,5,6;,
3;5,4,7;,
3;8,9,10;,
3;9,8,11;,
3;12,13,14;,
3;13,12,15;,
3;16,17,18;,
3;17,16,19;,
3;20,21,22;,
3;21,20,23;,
3;24,25,26;,
3;25,24,27;,
3;28,29,30;,
3;29,28,31;,
3;32,33,34;,
3;33,32,35;,
3;36,37,38;,
3;37,36,39;,
3;40,41,42;,
3;41,40,43;,
3;44,45,46;,
3;45,44,47;,
3;48,49,50;,
3;49,48,51;,
3;52,53,54;,
3;53,52,55;,
3;56,57,58;,
3;57,56,59;,
3;60,61,62;,
3;61,60,63;,
3;64,65,66;,
3;65,64,67;,
3;68,69,70;,
3;69,68,71;,
3;72,73,74;,
3;73,72,75;,
3;76,77,78;,
3;77,76,79;,
3;80,81,82;,
3;81,80,83;,
3;84,85,86;,
3;85,84,87;,
3;88,89,90;,
3;89,88,91;,
3;92,93,94;,
3;93,92,95;,
3;96,97,98;,
3;97,96,99;,
3;100,101,102;,
3;101,100,103;,
3;104,105,106;,
3;105,104,107;,
3;108,109,110;,
3;109,108,111;,
3;112,113,114;,
3;113,112,115;,
3;116,117,118;,
3;117,116,119;,
3;120,121,122;,
3;121,120,123;,
3;124,125,126;,
3;125,124,127;,
3;128,129,130;,
3;129,128,131;,
3;132,133,134;,
3;133,132,135;,
3;136,137,138;,
3;137,136,139;,
3;140,141,142;,
3;141,140,143;,
3;144,145,146;,
3;145,144,147;,
3;148,149,150;,
3;149,148,151;,
3;152,153,154;,
3;153,152,155;,
3;156,157,158;,
3;157,156,159;,
3;160,161,162;,
3;161,160,163;,
3;164,165,166;,
3;165,164,167;,
3;168,169,170;,
3;169,168,171;,
3;172,173,174;,
3;173,172,175;,
3;176,177,178;,
3;177,176,179;,
3;180,181,182;,
3;181,180,183;,
3;184,185,186;,
3;185,184,187;,
3;188,189,190;,
3;189,188,191;,
3;192,193,194;,
3;193,192,195;,
3;196,197,198;,
3;197,196,199;,
3;200,201,202;,
3;201,200,203;,
3;204,205,206;,
3;205,204,207;,
3;208,209,210;,
3;209,208,211;,
3;212,213,214;,
3;213,212,215;;

MeshNormals {
216; // 216 normals 
-0.714580;0.000000;-0.699554;,
-0.714580;0.000000;-0.699554;,
-0.714580;0.000000;-0.699554;,
-0.714580;0.000000;-0.699554;,
0.704812;-0.000000;0.709394;,
0.704812;-0.000000;0.709394;,
0.704812;-0.000000;0.709394;,
0.704812;-0.000000;0.709394;,
-0.000000;-1.000000;0.000000;,
-0.000000;-1.000000;0.000000;,
-0.000000;-1.000000;0.000000;,
-0.000000;-1.000000;0.000000;,
-0.700742;0.000000;0.713415;,
-0.700742;0.000000;0.713415;,
-0.700742;0.000000;0.713415;,
-0.700742;0.000000;0.713415;,
0.000000;1.000000;-0.000000;,
0.000000;1.000000;-0.000000;,
0.000000;1.000000;-0.000000;,
0.000000;1.000000;-0.000000;,
0.712632;0.000000;-0.701538;,
0.712632;0.000000;-0.701538;,
0.712632;0.000000;-0.701538;,
0.712632;0.000000;-0.701538;,
0.986599;-0.000000;0.163163;,
0.986599;-0.000000;0.163163;,
0.986599;-0.000000;0.163163;,
0.986599;-0.000000;0.163163;,
-0.990337;0.000000;-0.138682;,
-0.990337;0.000000;-0.138682;,
-0.990337;0.000000;-0.138682;,
-0.990337;0.000000;-0.138682;,
0.000000;-1.000000;-0.000000;,
0.000000;-1.000000;-0.000000;,
0.000000;-1.000000;-0.000000;,
0.000000;-1.000000;-0.000000;,
0.168138;0.000000;-0.985763;,
0.168138;0.000000;-0.985763;,
0.168138;0.000000;-0.985763;,
0.168138;0.000000;-0.985763;,
-0.000000;1.000000;0.000000;,
-0.000000;1.000000;0.000000;,
-0.000000;1.000000;0.000000;,
-0.000000;1.000000;0.000000;,
-0.142936;0.000000;0.989732;,
-0.142936;0.000000;0.989732;,
-0.142936;0.000000;0.989732;,
-0.142936;0.000000;0.989732;,
0.217041;0.000000;0.976162;,
0.217041;0.000000;0.976162;,
0.217041;0.000000;0.976163;,
0.217041;0.000000;0.976163;,
-0.144262;0.000001;-0.989540;,
-0.144262;0.000001;-0.989540;,
-0.144262;0.000001;-0.989540;,
-0.144262;0.000001;-0.989540;,
-0.000000;-1.000000;0.000000;,
-0.000000;-1.000000;0.000000;,
-0.000000;-1.000000;0.000000;,
-0.000000;-1.000000;0.000000;,
0.985195;0.000000;-0.171440;,
0.985195;0.000000;-0.171440;,
0.985195;0.000000;-0.171440;,
0.985195;0.000000;-0.171440;,
0.000000;1.000000;-0.000000;,
0.000000;1.000000;-0.000000;,
0.000000;1.000000;-0.000000;,
0.000000;1.000000;-0.000000;,
-0.981535;-0.000000;0.191285;,
-0.981535;-0.000000;0.191285;,
-0.981534;-0.000000;0.191285;,
-0.981534;-0.000000;0.191285;,
1.000000;0.000000;0.000000;,
1.000000;0.000000;0.000000;,
1.000000;0.000000;0.000000;,
1.000000;0.000000;0.000000;,
-0.005496;0.000000;0.999985;,
-0.005496;0.000000;0.999985;,
-0.005496;0.000000;0.999985;,
-0.005496;0.000000;0.999985;,
0.000023;-1.000000;-0.000006;,
0.000023;-1.000000;-0.000006;,
0.000023;-1.000000;-0.000006;,
0.000023;-1.000000;-0.000006;,
0.030198;0.000000;-0.999544;,
0.030198;0.000000;-0.999544;,
0.030198;0.000000;-0.999544;,
0.030198;0.000000;-0.999544;,
-0.000002;1.000000;0.000001;,
-0.000002;1.000000;0.000001;,
-0.000002;1.000000;0.000001;,
-0.000002;1.000000;0.000001;,
0.004218;-0.000000;0.999991;,
0.004218;-0.000000;0.999991;,
0.004218;-0.000000;0.999991;,
0.004218;-0.000000;0.999991;,
1.000000;0.000000;0.000000;,
1.000000;0.000000;0.000000;,
1.000000;0.000000;0.000000;,
1.000000;0.000000;0.000000;,
0.000000;0.000000;1.000000;,
0.000000;0.000000;1.000000;,
0.000000;0.000000;1.000000;,
0.000000;0.000000;1.000000;,
0.000782;-1.000000;-0.000168;,
0.000782;-1.000000;-0.000168;,
0.000782;-1.000000;-0.000168;,
0.000782;-1.000000;-0.000168;,
-0.052167;0.000000;-0.998638;,
-0.052167;0.000000;-0.998638;,
-0.052167;0.000000;-0.998638;,
-0.052167;0.000000;-0.998638;,
0.000522;1.000000;-0.000112;,
0.000522;1.000000;-0.000112;,
0.000522;1.000000;-0.000112;,
0.000522;1.000000;-0.000112;,
0.088442;0.000000;0.996081;,
0.088442;0.000000;0.996081;,
0.088442;0.000000;0.996081;,
0.088442;0.000000;0.996081;,
0.000020;-1.000000;-0.000027;,
0.000020;-1.000000;-0.000027;,
0.000020;-1.000000;-0.000027;,
0.000020;-1.000000;-0.000027;,
-0.843113;0.000000;-0.537737;,
-0.843113;0.000000;-0.537737;,
-0.843113;0.000000;-0.537737;,
-0.843113;0.000000;-0.537737;,
0.000059;1.000000;-0.000082;,
0.000059;1.000000;-0.000082;,
0.000059;1.000000;-0.000082;,
0.000059;1.000000;-0.000082;,
0.883816;0.000000;0.467835;,
0.883816;0.000000;0.467835;,
0.883816;0.000000;0.467835;,
0.883816;0.000000;0.467835;,
-0.000024;-1.000000;0.000018;,
-0.000024;-1.000000;0.000018;,
-0.000024;-1.000000;0.000018;,
-0.000024;-1.000000;0.000018;,
-0.498213;0.000000;-0.867055;,
-0.498213;0.000000;-0.867055;,
-0.498213;0.000000;-0.867055;,
-0.498213;0.000000;-0.867055;,
-0.000071;1.000000;0.000052;,
-0.000071;1.000000;0.000052;,
-0.000071;1.000000;0.000052;,
-0.000071;1.000000;0.000052;,
0.404867;-0.000000;0.914376;,
0.404867;-0.000000;0.914376;,
0.404867;-0.000000;0.914376;,
0.404867;-0.000000;0.914376;,
-0.000008;-1.000000;0.000033;,
-0.000008;-1.000000;0.000033;,
-0.000008;-1.000000;0.000033;,
-0.000008;-1.000000;0.000033;,
-0.999717;0.000000;0.023778;,
-0.999717;0.000000;0.023778;,
-0.999717;0.000000;0.023778;,
-0.999717;0.000000;0.023778;,
-0.000012;1.000000;0.000046;,
-0.000012;1.000000;0.000046;,
-0.000012;1.000000;0.000046;,
-0.000012;1.000000;0.000046;,
0.999840;0.000000;0.017890;,
0.999840;0.000000;0.017890;,
0.999840;0.000000;0.017890;,
0.999840;0.000000;0.017890;,
-0.000000;-1.000000;0.000000;,
-0.000000;-1.000000;0.000000;,
-0.000000;-1.000000;0.000000;,
-0.000000;-1.000000;0.000000;,
-0.902356;-0.000000;-0.430991;,
-0.902356;-0.000000;-0.430991;,
-0.902356;-0.000000;-0.430991;,
-0.902356;-0.000000;-0.430991;,
0.000000;1.000000;-0.000000;,
0.000000;1.000000;-0.000000;,
0.000000;1.000000;-0.000000;,
0.000000;1.000000;-0.000000;,
0.899115;0.000000;0.437713;,
0.899115;0.000000;0.437713;,
0.899115;0.000000;0.437713;,
0.899115;0.000000;0.437713;,
0.000000;-1.000000;0.000000;,
0.000000;-1.000000;0.000000;,
0.000000;-1.000000;0.000000;,
0.000000;-1.000000;0.000000;,
-0.488894;0.000000;-0.872343;,
-0.488894;0.000000;-0.872343;,
-0.488894;0.000000;-0.872343;,
-0.488894;0.000000;-0.872343;,
0.000000;1.000000;-0.000000;,
0.000000;1.000000;-0.000000;,
0.000000;1.000000;-0.000000;,
0.000000;1.000000;-0.000000;,
0.510721;-0.000000;0.859747;,
0.510721;-0.000000;0.859747;,
0.510721;-0.000000;0.859747;,
0.510721;-0.000000;0.859747;,
-0.000210;-1.000000;0.000875;,
-0.000210;-1.000000;0.000875;,
-0.000210;-1.000000;0.000875;,
-0.000210;-1.000000;0.000875;,
-0.993755;0.000000;-0.111581;,
-0.993755;0.000000;-0.111581;,
-0.993755;0.000000;-0.111581;,
-0.993755;0.000000;-0.111581;,
-0.000140;1.000000;0.000584;,
-0.000140;1.000000;0.000584;,
-0.000140;1.000000;0.000584;,
-0.000140;1.000000;0.000584;,
0.989277;0.000000;0.146050;,
0.989277;0.000000;0.146050;,
0.989277;0.000000;0.146050;,
0.989277;0.000000;0.146050;;

108; // 108 faces 
3;0,1,2;,
3;1,0,3;,
3;4,5,6;,
3;5,4,7;,
3;8,9,10;,
3;9,8,11;,
3;12,13,14;,
3;13,12,15;,
3;16,17,18;,
3;17,16,19;,
3;20,21,22;,
3;21,20,23;,
3;24,25,26;,
3;25,24,27;,
3;28,29,30;,
3;29,28,31;,
3;32,33,34;,
3;33,32,35;,
3;36,37,38;,
3;37,36,39;,
3;40,41,42;,
3;41,40,43;,
3;44,45,46;,
3;45,44,47;,
3;48,49,50;,
3;49,48,51;,
3;52,53,54;,
3;53,52,55;,
3;56,57,58;,
3;57,56,59;,
3;60,61,62;,
3;61,60,63;,
3;64,65,66;,
3;65,64,67;,
3;68,69,70;,
3;69,68,71;,
3;72,73,74;,
3;73,72,75;,
3;76,77,78;,
3;77,76,79;,
3;80,81,82;,
3;81,80,83;,
3;84,85,86;,
3;85,84,87;,
3;88,89,90;,
3;89,88,91;,
3;92,93,94;,
3;93,92,95;,
3;96,97,98;,
3;97,96,99;,
3;100,101,102;,
3;101,100,103;,
3;104,105,106;,
3;105,104,107;,
3;108,109,110;,
3;109,108,111;,
3;112,113,114;,
3;113,112,115;,
3;116,117,118;,
3;117,116,119;,
3;120,121,122;,
3;121,120,123;,
3;124,125,126;,
3;125,124,127;,
3;128,129,130;,
3;129,128,131;,
3;132,133,134;,
3;133,132,135;,
3;136,137,138;,
3;137,136,139;,
3;140,141,142;,
3;141,140,143;,
3;144,145,146;,
3;145,144,147;,
3;148,149,150;,
3;149,148,151;,
3;152,153,154;,
3;153,152,155;,
3;156,157,158;,
3;157,156,159;,
3;160,161,162;,
3;161,160,163;,
3;164,165,166;,
3;165,164,167;,
3;168,169,170;,
3;169,168,171;,
3;172,173,174;,
3;173,172,175;,
3;176,177,178;,
3;177,176,179;,
3;180,181,182;,
3;181,180,183;,
3;184,185,186;,
3;185,184,187;,
3;188,189,190;,
3;189,188,191;,
3;192,193,194;,
3;193,192,195;,
3;196,197,198;,
3;197,196,199;,
3;200,201,202;,
3;201,200,203;,
3;204,205,206;,
3;205,204,207;,
3;208,209,210;,
3;209,208,211;,
3;212,213,214;,
3;213,212,215;;
}
MeshMaterialList {
 1; // Number of unique materials
 108; // Number of faces
0,0,0,0,0,0,0,0,0,0,0,0,0,0,0,0,0,0,0,0,0,0,0,0,0,0,0,0,0,0,0,0,0,0,0,0,0,0,0,0,0,0,0,0,0,0,0,0,0,0,0,0,0,0,0,0,0,0,0,0,0,0,0,0,0,0,0,0,0,0,0,0,0,0,0,0,0,0,0,0,0,0,0,0,0,0,0,0,0,0,0,0,0,0,0,0,0,0,0,0,0,0,0,0,0,0,0,0;;
Material {
0.588000;0.588000;0.588000;1.000000;;
0.0;
0.900000;0.900000;0.900000;;
1.000000;0.000000;0.000000;;
TextureFilename {"Texture/blocks/rail_normal.dds;2";}
}
}// materials
MeshTextureCoords {
216; // 216 UV
0.102749;-0.420890;,
0.240735;-0.563093;,
0.240735;-0.420890;,
0.102749;-0.563093;,
0.890785;-0.563093;,
0.763633;-0.420890;,
0.890785;-0.420890;,
0.763633;-0.563093;,
0.102749;-0.563093;,
0.890785;-0.420890;,
0.102749;-0.420890;,
0.890785;-0.563093;,
0.102749;-0.420890;,
0.890785;-0.563319;,
0.102749;-0.563319;,
0.890785;-0.420890;,
0.102749;-0.563123;,
0.890678;-0.421142;,
0.102642;-0.421142;,
0.890785;-0.563123;,
0.102749;-0.421028;,
0.890785;-0.563093;,
0.102749;-0.563093;,
0.890785;-0.421028;,
0.896395;-0.929253;,
0.763628;-0.787049;,
0.763629;-0.929253;,
0.896395;-0.787049;,
0.102710;-0.787049;,
0.240731;-0.929253;,
0.102710;-0.929253;,
0.240731;-0.787049;,
0.896395;-0.787049;,
0.102710;-0.929253;,
0.896395;-0.929253;,
0.102710;-0.787049;,
0.896395;-0.929253;,
0.102710;-0.786932;,
0.896395;-0.786932;,
0.102710;-0.929253;,
0.896395;-0.787304;,
0.102816;-0.929285;,
0.896502;-0.929285;,
0.102710;-0.787304;,
0.896395;-0.929223;,
0.102710;-0.787049;,
0.896395;-0.787049;,
0.102710;-0.929223;,
0.896395;-0.248343;,
0.763628;-0.106139;,
0.763629;-0.248343;,
0.896395;-0.106139;,
0.102710;-0.106139;,
0.240731;-0.248343;,
0.102710;-0.248343;,
0.240731;-0.106139;,
0.896395;-0.106139;,
0.102710;-0.248343;,
0.896395;-0.248343;,
0.102710;-0.106139;,
0.896395;-0.248343;,
0.102710;-0.106021;,
0.896395;-0.106021;,
0.102710;-0.248343;,
0.896395;-0.106394;,
0.102816;-0.248375;,
0.896502;-0.248375;,
0.102710;-0.106394;,
0.896395;-0.248313;,
0.102710;-0.106139;,
0.896395;-0.106139;,
0.102710;-0.248313;,
0.742302;-0.993670;,
0.660222;-0.895123;,
0.742302;-0.895123;,
0.660222;-0.993670;,
0.660221;-0.010323;,
0.742302;-0.108523;,
0.742302;-0.010323;,
0.660221;-0.108523;,
0.660222;-0.993670;,
0.742302;-0.747833;,
0.742302;-0.993670;,
0.660222;-0.747833;,
0.660353;-0.993670;,
0.742302;-0.747833;,
0.660353;-0.747833;,
0.742302;-0.993670;,
0.742302;-0.993670;,
0.660353;-0.747833;,
0.742302;-0.747833;,
0.660353;-0.993670;,
0.660222;-0.993670;,
0.741219;-0.747833;,
0.660222;-0.747833;,
0.741219;-0.993670;,
0.254746;-0.993380;,
0.339217;-0.894833;,
0.254746;-0.894833;,
0.339217;-0.993380;,
0.339217;-0.010032;,
0.254746;-0.108233;,
0.254746;-0.010032;,
0.339217;-0.108233;,
0.339217;-0.993380;,
0.254746;-0.747543;,
0.254746;-0.993380;,
0.339217;-0.747543;,
0.339074;-0.993380;,
0.254746;-0.747543;,
0.339074;-0.747543;,
0.254746;-0.993380;,
0.254746;-0.993380;,
0.339074;-0.747543;,
0.254746;-0.747543;,
0.339074;-0.993380;,
0.339217;-0.993380;,
0.254958;-0.747543;,
0.339217;-0.747543;,
0.254958;-0.993380;,
0.742302;-0.256160;,
0.660222;-0.501996;,
0.660221;-0.256160;,
0.742302;-0.501996;,
0.660352;-0.256160;,
0.742302;-0.501996;,
0.742302;-0.256160;,
0.660353;-0.501996;,
0.742302;-0.501996;,
0.660352;-0.256160;,
0.742302;-0.256160;,
0.660353;-0.501996;,
0.660221;-0.256160;,
0.741219;-0.501996;,
0.741219;-0.256160;,
0.660222;-0.501996;,
0.742302;-0.747833;,
0.660222;-0.501996;,
0.742302;-0.501996;,
0.660222;-0.747833;,
0.660353;-0.501996;,
0.742302;-0.747833;,
0.742302;-0.501996;,
0.660353;-0.747833;,
0.742302;-0.501996;,
0.660353;-0.747833;,
0.660353;-0.501996;,
0.742302;-0.747833;,
0.660222;-0.501996;,
0.741219;-0.747833;,
0.741219;-0.501996;,
0.660222;-0.747833;,
0.742302;-0.256160;,
0.660221;-0.010323;,
0.742302;-0.010323;,
0.660221;-0.256160;,
0.660352;-0.010323;,
0.742302;-0.256160;,
0.742302;-0.010323;,
0.660352;-0.256160;,
0.742302;-0.010323;,
0.660352;-0.256160;,
0.660352;-0.010323;,
0.742302;-0.256160;,
0.660221;-0.010323;,
0.741219;-0.256160;,
0.741219;-0.010323;,
0.660221;-0.256160;,
0.254746;-0.255869;,
0.339217;-0.501706;,
0.339217;-0.255869;,
0.254746;-0.501706;,
0.339074;-0.255869;,
0.254746;-0.501706;,
0.254746;-0.255869;,
0.339074;-0.501706;,
0.254746;-0.501706;,
0.339074;-0.255869;,
0.254746;-0.255869;,
0.339074;-0.501706;,
0.339217;-0.255869;,
0.254958;-0.501706;,
0.254958;-0.255869;,
0.339217;-0.501706;,
0.254746;-0.747543;,
0.339217;-0.501706;,
0.254746;-0.501706;,
0.339217;-0.747543;,
0.339074;-0.501706;,
0.254746;-0.747543;,
0.254746;-0.501706;,
0.339074;-0.747543;,
0.254746;-0.501706;,
0.339074;-0.747543;,
0.339074;-0.501706;,
0.254746;-0.747543;,
0.339217;-0.501706;,
0.254958;-0.747543;,
0.254958;-0.501706;,
0.339217;-0.747543;,
0.254746;-0.255869;,
0.339217;-0.010032;,
0.254746;-0.010032;,
0.339217;-0.255869;,
0.339074;-0.010032;,
0.254746;-0.255869;,
0.254746;-0.010032;,
0.339074;-0.255869;,
0.254746;-0.010032;,
0.339074;-0.255869;,
0.339074;-0.010032;,
0.254746;-0.255869;,
0.339217;-0.010032;,
0.254958;-0.255869;,
0.254958;-0.010032;,
0.339217;-0.255869;;
}// UV
}// mesh
