xof 0303txt 0032
// Exported by ParaEngine X file exporter V0.2
ParaXHeader header{
112,97,114,97;
1,0,0,0;
1;
0;
-0.175979;-0.500000;-0.500611;;
0.175979;0.303379;0.500611;;
3;
}
Mesh mesh_object{
24; // 24 vertices 
0.175979;-0.500000;-0.500611;,
-0.175979;-0.500000;0.500611;,
-0.175979;-0.500000;-0.500611;,
0.175979;-0.500000;0.500611;,
-0.175979;0.303379;0.500611;,
0.175979;0.303379;-0.500611;,
-0.175979;0.303379;-0.500611;,
0.175979;0.303379;0.500611;,
0.175979;0.303379;0.500611;,
0.175979;-0.500000;-0.500611;,
0.175979;0.303379;-0.500611;,
0.175979;-0.500000;0.500611;,
-0.175979;0.303379;-0.500611;,
-0.175979;-0.500000;0.500611;,
-0.175979;0.303379;0.500611;,
-0.175979;-0.500000;-0.500611;,
-0.175979;-0.500000;-0.500611;,
0.175979;0.303379;-0.500611;,
0.175979;-0.500000;-0.500611;,
-0.175979;0.303379;-0.500611;,
0.175979;-0.500000;0.500611;,
-0.175979;0.303379;0.500611;,
-0.175979;-0.500000;0.500611;,
0.175979;0.303379;0.500611;;

12; // 12 faces 
3;0,1,2;,
3;1,0,3;,
3;4,5,6;,
3;5,4,7;,
3;8,9,10;,
3;9,8,11;,
3;12,13,14;,
3;13,12,15;,
3;16,17,18;,
3;17,16,19;,
3;20,21,22;,
3;21,20,23;;

MeshNormals {
24; // 24 normals 
0.000000;-1.000000;0.000000;,
0.000000;-1.000000;0.000000;,
0.000000;-1.000000;0.000000;,
0.000000;-1.000000;0.000000;,
0.000000;1.000000;0.000000;,
0.000000;1.000000;0.000000;,
0.000000;1.000000;0.000000;,
0.000000;1.000000;0.000000;,
1.000000;0.000000;0.000000;,
1.000000;0.000000;0.000000;,
1.000000;0.000000;0.000000;,
1.000000;0.000000;0.000000;,
-1.000000;0.000000;-0.000000;,
-1.000000;0.000000;-0.000000;,
-1.000000;0.000000;-0.000000;,
-1.000000;0.000000;-0.000000;,
0.000000;0.000000;-1.000000;,
0.000000;0.000000;-1.000000;,
0.000000;0.000000;-1.000000;,
0.000000;0.000000;-1.000000;,
-0.000000;0.000000;1.000000;,
-0.000000;0.000000;1.000000;,
-0.000000;0.000000;1.000000;,
-0.000000;0.000000;1.000000;;

12; // 12 faces 
3;0,1,2;,
3;1,0,3;,
3;4,5,6;,
3;5,4,7;,
3;8,9,10;,
3;9,8,11;,
3;12,13,14;,
3;13,12,15;,
3;16,17,18;,
3;17,16,19;,
3;20,21,22;,
3;21,20,23;;
}
MeshMaterialList {
 1; // Number of unique materials
 12; // Number of faces
0,0,0,0,0,0,0,0,0,0,0,0;;
Material {
0.588000;0.588000;0.588000;1.000000;;
0.0;
0.900000;0.900000;0.900000;;
1.000000;0.000000;0.000000;;
TextureFilename {"Texture/blocks/stonebrick.png;2";}
}
}// materials
MeshTextureCoords {
24; // 24 UV
0.855474;-0.992326;,
0.375645;-0.139968;,
0.375645;-0.992326;,
0.855474;-0.139968;,
0.516011;-0.992326;,
0.955289;-0.139968;,
0.516011;-0.139968;,
0.955289;-0.992326;,
0.999500;-0.989952;,
0.000499;-0.000499;,
0.000499;-0.989952;,
0.999500;-0.000499;,
0.999500;-0.989952;,
0.000499;-0.000499;,
0.000499;-0.989952;,
0.999500;-0.000499;,
0.260816;-0.000499;,
0.739183;-0.999500;,
0.739183;-0.000499;,
0.260816;-0.999500;,
0.260816;-0.000499;,
0.739183;-0.999500;,
0.739183;-0.000499;,
0.260816;-0.999500;;
}// UV
}// mesh
