xof 0303txt 0032
// Exported by ParaEngine X file exporter V0.2
ParaXHeader header{
112,97,114,97;
1,0,0,0;
1;
0;
-0.053495;-0.498000;-0.498000;;
0.498000;0.502000;0.053416;;
3;
}
Mesh mesh_object{
40; // 40 vertices 
-0.053495;-0.498000;-0.498000;,
0.052221;-0.498000;-0.053416;,
-0.053495;-0.498000;0.053285;,
0.053495;-0.498000;-0.498000;,
-0.053495;0.502000;-0.498000;,
0.052221;0.502000;-0.053416;,
0.053495;0.502000;-0.498000;,
-0.053495;0.502000;0.053286;,
-0.053495;-0.498000;-0.498000;,
0.053495;0.502000;-0.498000;,
0.053495;-0.498000;-0.498000;,
-0.053495;0.502000;-0.498000;,
0.053495;-0.498000;-0.498000;,
0.052221;0.502000;-0.053416;,
0.052221;-0.498000;-0.053416;,
0.053495;0.502000;-0.498000;,
-0.053495;-0.498000;0.053285;,
-0.053495;0.502000;-0.498000;,
-0.053495;-0.498000;-0.498000;,
-0.053495;0.502000;0.053286;,
-0.053495;-0.498000;0.053285;,
0.498000;-0.498000;-0.053416;,
0.498000;-0.498000;0.053416;,
0.052221;-0.498000;-0.053416;,
-0.053495;0.502000;0.053286;,
0.498000;0.502000;-0.053416;,
0.052221;0.502000;-0.053416;,
0.498000;0.502000;0.053416;,
0.052221;-0.498000;-0.053416;,
0.498000;0.502000;-0.053416;,
0.498000;-0.498000;-0.053416;,
0.052221;0.502000;-0.053416;,
0.498000;-0.498000;-0.053416;,
0.498000;0.502000;0.053416;,
0.498000;-0.498000;0.053416;,
0.498000;0.502000;-0.053416;,
0.498000;-0.498000;0.053416;,
-0.053495;0.502000;0.053286;,
-0.053495;-0.498000;0.053285;,
0.498000;0.502000;0.053416;;

20; // 20 faces 
3;0,1,2;,
3;1,0,3;,
3;4,5,6;,
3;5,4,7;,
3;8,9,10;,
3;9,8,11;,
3;12,13,14;,
3;13,12,15;,
3;16,17,18;,
3;17,16,19;,
3;20,21,22;,
3;21,20,23;,
3;24,25,26;,
3;25,24,27;,
3;28,29,30;,
3;29,28,31;,
3;32,33,34;,
3;33,32,35;,
3;36,37,38;,
3;37,36,39;;

MeshNormals {
40; // 40 normals 
0.000000;-1.000000;0.000000;,
0.000000;-1.000000;0.000000;,
0.000000;-1.000000;0.000000;,
0.000000;-1.000000;0.000000;,
0.000000;1.000000;0.000000;,
0.000000;1.000000;0.000000;,
0.000000;1.000000;0.000000;,
0.000000;1.000000;0.000000;,
-0.000000;0.000000;-1.000000;,
-0.000000;0.000000;-1.000000;,
-0.000000;0.000000;-1.000000;,
-0.000000;0.000000;-1.000000;,
0.999866;-0.000000;0.016357;,
0.999866;-0.000000;0.016357;,
0.999866;-0.000000;0.016357;,
0.999866;-0.000000;0.016357;,
-1.000000;-0.000000;-0.000000;,
-1.000000;-0.000000;-0.000000;,
-1.000000;-0.000000;-0.000000;,
-1.000000;-0.000000;-0.000000;,
0.000000;-1.000000;0.000000;,
0.000000;-1.000000;0.000000;,
0.000000;-1.000000;0.000000;,
0.000000;-1.000000;0.000000;,
0.000000;1.000000;0.000000;,
0.000000;1.000000;0.000000;,
0.000000;1.000000;0.000000;,
0.000000;1.000000;0.000000;,
0.000000;-0.000000;-1.000000;,
0.000000;-0.000000;-1.000000;,
0.000000;-0.000000;-1.000000;,
0.000000;-0.000000;-1.000000;,
1.000000;0.000002;0.000000;,
1.000000;0.000002;0.000000;,
1.000000;0.000002;0.000000;,
1.000000;0.000002;0.000000;,
-0.000042;-0.000000;1.000000;,
-0.000042;-0.000000;1.000000;,
-0.000042;-0.000000;1.000000;,
-0.000042;-0.000000;1.000000;;

20; // 20 faces 
3;0,1,2;,
3;1,0,3;,
3;4,5,6;,
3;5,4,7;,
3;8,9,10;,
3;9,8,11;,
3;12,13,14;,
3;13,12,15;,
3;16,17,18;,
3;17,16,19;,
3;20,21,22;,
3;21,20,23;,
3;24,25,26;,
3;25,24,27;,
3;28,29,30;,
3;29,28,31;,
3;32,33,34;,
3;33,32,35;,
3;36,37,38;,
3;37,36,39;;
}
MeshMaterialList {
 1; // Number of unique materials
 20; // Number of faces
0,0,0,0,0,0,0,0,0,0,0,0,0,0,0,0,0,0,0,0;;
Material {
0.588000;0.588000;0.588000;1.000000;;
3000.0;
0.900000;0.900000;0.900000;;
1.000000;0.000000;0.000000;;
TextureFilename {"Texture/blocks/glass_pane.dds;2";}
}
}// materials
MeshTextureCoords {
40; // 40 UV
0.898380;-0.990000;,
0.451839;-0.990000;,
0.451839;-0.990000;,
0.898380;-0.990000;,
0.898380;-0.990000;,
0.451839;-0.990000;,
0.898380;-0.990000;,
0.451839;-0.990000;,
0.897572;-0.990000;,
0.088382;-0.990000;,
0.897572;-0.990000;,
0.088382;-0.990000;,
0.988040;-0.012937;,
0.447780;-0.991958;,
0.447780;-0.012937;,
0.988040;-0.991958;,
0.447780;-0.012937;,
0.988040;-0.991958;,
0.988040;-0.012937;,
0.447780;-0.991957;,
0.452701;-0.990000;,
0.091620;-0.990000;,
0.091620;-0.990000;,
0.452701;-0.990000;,
0.452701;-0.990000;,
0.091620;-0.990000;,
0.452701;-0.990000;,
0.091620;-0.990000;,
0.448823;-0.012937;,
0.011960;-0.991958;,
0.011960;-0.012937;,
0.448823;-0.991968;,
0.897572;-0.990000;,
0.088382;-0.990000;,
0.897572;-0.990000;,
0.088382;-0.990000;,
0.011960;-0.012937;,
0.448823;-0.991958;,
0.448823;-0.012937;,
0.011960;-0.991958;;
}// UV
}// mesh
