xof 0303txt 0032
// Exported by ParaEngine X file exporter V0.2
ParaXHeader header{
112,97,114,97;
1,0,0,0;
1;
0;
-0.658079;-0.573273;-0.433726;;
0.658079;0.742885;0.433726;;
3;
}
Mesh mesh_object{
291; // 291 vertices 
-0.049893;-0.086053;-0.318628;,
0.001659;-0.288380;-0.184940;,
-0.027415;-0.288561;-0.162194;,
-0.022936;-0.495727;-0.113352;,
0.007371;-0.495727;-0.142063;,
0.039914;-0.288501;-0.174582;,
0.049798;-0.495727;-0.126862;,
-0.056431;0.067203;0.275475;,
-0.027170;0.067191;0.271809;,
-0.116175;0.355009;0.347182;,
-0.069151;-0.213962;0.158417;,
-0.080212;0.067203;0.257666;,
-0.047105;-0.213889;0.188677;,
-0.011153;-0.495727;0.132677;,
-0.014133;-0.213938;0.173144;,
-0.041698;-0.495727;0.146045;,
-0.062438;-0.495727;0.118945;,
-0.365495;0.137089;-0.258125;,
-0.237851;-0.073853;-0.147088;,
-0.248170;-0.073853;-0.122833;,
-0.128727;-0.283607;-0.098735;,
-0.155494;-0.283463;-0.090155;,
-0.215224;-0.073853;-0.158576;,
-0.127447;-0.495727;-0.046875;,
-0.134273;-0.495727;-0.069329;,
-0.162873;-0.283523;-0.061602;,
-0.115832;-0.495727;-0.089539;,
0.074765;0.250324;0.147451;,
0.051497;-0.122744;0.103926;,
0.022027;-0.122762;0.115406;,
0.010310;-0.495727;0.102085;,
0.039844;-0.495727;0.086758;,
0.077261;-0.122683;0.123544;,
0.064509;-0.495727;0.110270;,
-0.010674;0.492787;-0.068318;,
0.055392;0.140199;0.035277;,
-0.006676;0.140187;-0.044473;,
0.054286;0.492787;0.015161;,
-0.011116;-0.143139;-0.024137;,
0.036067;-0.143139;0.036509;,
0.026949;-0.495727;0.037094;,
-0.013202;-0.495727;-0.014514;,
-0.016599;0.140199;0.025622;,
0.060433;0.492787;-0.061049;,
0.061270;0.140187;-0.037521;,
-0.021055;0.492787;0.005033;,
0.040539;-0.143139;-0.018843;,
-0.018654;-0.143139;0.029162;,
-0.019633;-0.495727;0.030837;,
0.030742;-0.495727;-0.010026;,
0.011670;0.365372;-0.185849;,
0.002797;-0.066583;-0.130338;,
-0.035925;-0.066607;-0.118914;,
-0.036209;-0.495727;-0.087595;,
-0.002030;-0.495727;-0.100616;,
0.034131;-0.066595;-0.110342;,
0.024516;-0.495727;-0.080137;,
-0.416266;0.241114;0.255367;,
-0.243303;-0.004808;0.149536;,
-0.225020;-0.004808;0.170437;,
-0.124745;-0.249961;0.054098;,
-0.135158;-0.249889;0.081556;,
-0.243113;-0.004796;0.125693;,
-0.057541;-0.495727;0.072804;,
-0.084751;-0.495727;0.053117;,
-0.105498;-0.249949;0.101940;,
-0.075823;-0.495727;0.027337;,
0.073374;0.003706;-0.033776;,
0.108611;-0.495727;-0.005143;,
0.148273;0.003694;-0.018638;,
0.050826;-0.495727;-0.016805;,
0.082997;-0.495727;-0.040618;,
0.106731;0.003706;0.011480;,
0.115074;0.003694;-0.064636;,
0.076550;-0.495727;0.018085;,
-0.171422;-0.181480;0.036754;,
-0.149901;-0.181570;0.050999;,
-0.215635;0.132214;0.073611;,
-0.091419;-0.495727;0.031342;,
-0.116465;-0.495727;0.017769;,
-0.168736;-0.181492;0.012515;,
-0.110634;-0.495727;-0.008225;,
-0.171786;-0.074910;0.302795;,
-0.150090;-0.074910;0.311865;,
-0.306714;0.115271;0.433726;,
-0.112799;-0.284592;0.163869;,
-0.178375;-0.074910;0.281147;,
-0.109670;-0.284460;0.189768;,
-0.034818;-0.495727;0.136090;,
-0.083471;-0.284472;0.195772;,
-0.058916;-0.495727;0.130591;,
-0.061807;-0.495727;0.106889;,
0.091040;-0.188445;0.066216;,
0.108193;-0.188415;0.045382;,
0.112420;0.118489;0.055582;,
0.094264;-0.495727;0.043652;,
0.077672;-0.495727;0.067859;,
0.064115;-0.188523;0.060654;,
0.049119;-0.495727;0.059327;,
0.223859;-0.090052;0.036949;,
0.210847;-0.090076;0.014343;,
0.388218;0.317604;0.031455;,
0.126183;-0.495727;0.010635;,
0.140657;-0.495727;0.030895;,
0.203752;-0.090070;0.058280;,
0.119941;-0.495727;0.049599;,
0.075892;0.050728;-0.200908;,
0.050738;0.050728;-0.191585;,
0.063410;0.325505;-0.352617;,
0.105143;-0.222079;-0.095670;,
0.100069;0.050728;-0.182815;,
0.081908;-0.222103;-0.120273;,
0.059241;-0.495727;-0.068950;,
0.056691;-0.222175;-0.104234;,
0.081658;-0.495727;-0.083218;,
0.102254;-0.495727;-0.061254;,
-0.133009;0.076185;-0.180018;,
-0.120304;0.363462;-0.112530;,
-0.099304;0.076173;-0.096223;,
-0.156158;0.365720;-0.201950;,
-0.047460;-0.209687;-0.072047;,
-0.075191;-0.209543;-0.141020;,
-0.069566;-0.495727;-0.120557;,
-0.044947;-0.495727;-0.059374;,
-0.181883;0.364519;-0.143390;,
-0.071051;0.076185;-0.152855;,
-0.157375;0.076173;-0.125124;,
-0.090408;0.364819;-0.172860;,
-0.095243;-0.209615;-0.095828;,
-0.024200;-0.209603;-0.118645;,
-0.024326;-0.495727;-0.100726;,
-0.087358;-0.495727;-0.080469;,
0.088192;0.054871;0.223377;,
0.114182;0.054871;0.209741;,
0.124556;0.333515;0.378390;,
0.044707;-0.220182;0.135126;,
0.063130;0.054871;0.206786;,
0.069729;-0.220242;0.164201;,
0.089329;-0.495727;0.125803;,
0.098174;-0.220122;0.138097;,
0.062856;-0.495727;0.149126;,
0.039258;-0.495727;0.123101;,
0.203183;-0.280485;-0.099861;,
0.178154;-0.280449;-0.120044;,
0.290360;-0.067753;-0.156782;,
0.128837;-0.495727;-0.091848;,
0.159539;-0.495727;-0.070717;,
0.192841;-0.280749;-0.073682;,
0.144939;-0.495727;-0.041984;,
-0.166366;-0.168115;-0.273792;,
-0.181243;-0.168163;-0.255241;,
-0.199659;0.158463;-0.352602;,
-0.099415;-0.495727;-0.096444;,
-0.086568;-0.495727;-0.115833;,
-0.139693;-0.168163;-0.270078;,
-0.060812;-0.495727;-0.110365;,
-0.120680;0.361709;0.024900;,
-0.032926;-0.066793;0.022364;,
-0.031567;-0.066799;0.051969;,
-0.028668;-0.495727;0.052163;,
-0.026060;-0.495727;0.022278;,
-0.070541;-0.066787;0.010796;,
-0.065833;-0.495727;0.013145;,
-0.269113;-0.031658;0.039587;,
-0.248460;-0.031670;0.054379;,
-0.399206;0.200467;0.081537;,
-0.180229;-0.262834;-0.002498;,
-0.270076;-0.031658;0.019347;,
-0.184290;-0.262810;0.019940;,
-0.140947;-0.495727;0.025766;,
-0.158328;-0.262966;0.033573;,
-0.164586;-0.495727;0.013387;,
-0.160794;-0.495727;-0.007002;,
-0.179386;-0.237035;0.182246;,
-0.161499;-0.237095;0.195061;,
-0.294974;0.020625;0.364784;,
-0.088907;-0.495727;0.087769;,
-0.109954;-0.495727;0.075460;,
-0.180255;-0.237119;0.159302;,
-0.108690;-0.495727;0.050209;,
0.067812;-0.124233;0.043233;,
0.077396;-0.124215;0.012783;,
0.083171;0.247250;0.026712;,
0.063720;-0.495727;0.014687;,
0.056672;-0.495727;0.047286;,
0.033001;-0.124281;0.046330;,
0.019902;-0.495727;0.047902;,
0.270055;-0.152907;-0.042696;,
0.256663;-0.152847;-0.062801;,
0.416266;0.195051;-0.075420;,
0.110871;-0.495727;-0.033036;,
0.125787;-0.495727;-0.014574;,
0.255984;-0.153009;-0.022399;,
0.110476;-0.495727;0.004092;,
0.166073;-0.164555;-0.097922;,
0.146511;-0.164579;-0.121379;,
0.155557;0.168262;-0.109860;,
0.100932;-0.495727;-0.094311;,
0.124002;-0.495727;-0.071430;,
0.160250;-0.164651;-0.068721;,
0.114758;-0.495727;-0.041266;,
-0.067433;-0.006633;-0.060180;,
-0.061871;-0.495727;0.018322;,
-0.072394;-0.006645;0.011985;,
-0.058015;-0.495727;-0.037758;,
-0.032101;-0.495727;-0.006328;,
-0.103507;-0.006633;-0.028751;,
-0.034092;-0.006645;-0.019744;,
-0.086031;-0.495727;-0.013329;,
-0.046678;-0.172913;0.109386;,
-0.025709;-0.172955;0.087722;,
-0.056609;0.149782;0.108343;,
-0.021719;-0.495727;0.080311;,
-0.042356;-0.495727;0.105261;,
-0.072078;-0.172907;0.101319;,
-0.069044;-0.495727;0.093821;,
0.111977;-0.127469;0.244899;,
0.120889;-0.127481;0.226585;,
0.138350;0.056648;0.306114;,
0.070941;-0.310637;0.206881;,
0.094627;-0.127469;0.250129;,
0.091894;-0.310529;0.204811;,
0.083218;-0.495727;0.159176;,
0.098799;-0.310649;0.181946;,
0.076835;-0.495727;0.180476;,
0.057288;-0.495727;0.182373;,
0.040175;0.050392;0.158655;,
-0.018243;-0.495727;0.122122;,
-0.015857;0.050392;0.150074;,
0.023520;-0.495727;0.128521;,
0.005223;-0.495727;0.104898;,
0.010785;0.050392;0.181108;,
0.015620;0.050392;0.126957;,
0.001620;-0.495727;0.145239;,
0.247095;0.267543;0.178296;,
0.195077;0.012291;0.072837;,
0.252168;0.267387;0.081243;,
0.191000;0.012279;0.149885;,
0.158212;-0.241147;0.133277;,
0.161657;-0.241243;0.067907;,
0.143643;-0.495727;0.065252;,
0.140530;-0.495727;0.124318;,
0.298529;0.267675;0.127383;,
0.154388;0.012291;0.111471;,
0.200876;0.267183;0.129864;,
0.231784;0.012279;0.109449;,
0.192817;-0.241051;0.098972;,
0.127131;-0.241352;0.100679;,
0.112467;-0.495727;0.094880;,
0.171801;-0.495727;0.093331;,
0.247648;-0.154667;0.119499;,
0.243461;-0.154679;0.101295;,
0.357705;0.015834;0.127952;,
0.173129;-0.323654;0.131523;,
0.237915;-0.154667;0.137022;,
0.187461;-0.323594;0.112973;,
0.152761;-0.495727;0.090329;,
0.179054;-0.323774;0.093173;,
0.160598;-0.495727;0.108864;,
0.147151;-0.495727;0.126198;,
-0.139456;0.159328;-0.433726;,
-0.094106;-0.059024;-0.277766;,
-0.110191;-0.059024;-0.258709;,
-0.046780;-0.276198;-0.184964;,
-0.074448;-0.276138;-0.197321;,
-0.071304;-0.059024;-0.274700;,
-0.083376;-0.495727;-0.132108;,
-0.068017;-0.495727;-0.159824;,
-0.089966;-0.276355;-0.167472;,
-0.041550;-0.495727;-0.148858;,
-0.237820;-0.007378;-0.268269;,
-0.164011;-0.250976;-0.162194;,
-0.180705;-0.251036;-0.132677;,
-0.131318;-0.495727;-0.061033;,
-0.115027;-0.495727;-0.095796;,
-0.133838;-0.251144;-0.156632;,
-0.081638;-0.495727;-0.086442;,
-0.212237;-0.117682;-0.045089;,
-0.219285;-0.117670;-0.023868;,
-0.399121;0.071346;0.030647;,
-0.134858;-0.305630;-0.019017;,
-0.156395;-0.305366;-0.036572;,
-0.207228;-0.117670;-0.007182;,
-0.124776;-0.495727;-0.056640;,
-0.139519;-0.495727;-0.031927;,
-0.140451;-0.305438;-0.061934;,
-0.119356;-0.495727;-0.014545;,
-0.658079;0.742885;0.000000;,
0.658079;-0.573273;-0.000000;,
0.658079;0.742885;0.000000;,
-0.658079;-0.573273;-0.000000;;

250; // 250 faces 
3;0,1,2;,
3;3,1,4;,
3;1,3,2;,
3;0,5,1;,
3;4,5,6;,
3;5,4,1;,
3;7,8,9;,
3;10,7,11;,
3;7,10,12;,
3;12,13,14;,
3;13,12,15;,
3;11,7,9;,
3;14,7,12;,
3;7,14,8;,
3;10,15,12;,
3;15,10,16;,
3;17,18,19;,
3;18,20,21;,
3;20,18,22;,
3;23,21,24;,
3;21,23,25;,
3;17,22,18;,
3;18,25,19;,
3;25,18,21;,
3;24,20,26;,
3;20,24,21;,
3;27,28,29;,
3;30,28,31;,
3;28,30,29;,
3;27,32,28;,
3;31,32,33;,
3;32,31,28;,
3;34,35,36;,
3;35,34,37;,
3;38,35,39;,
3;35,38,36;,
3;38,40,41;,
3;40,38,39;,
3;42,43,44;,
3;43,42,45;,
3;42,46,47;,
3;46,42,44;,
3;48,46,49;,
3;46,48,47;,
3;50,51,52;,
3;53,51,54;,
3;51,53,52;,
3;50,55,51;,
3;54,55,56;,
3;55,54,51;,
3;57,58,59;,
3;58,60,61;,
3;60,58,62;,
3;63,61,64;,
3;61,63,65;,
3;57,62,58;,
3;58,65,59;,
3;65,58,61;,
3;64,60,66;,
3;60,64,61;,
3;67,68,69;,
3;68,67,70;,
3;71,72,73;,
3;72,71,74;,
3;75,76,77;,
3;75,78,76;,
3;78,75,79;,
3;80,75,77;,
3;80,79,75;,
3;79,80,81;,
3;82,83,84;,
3;85,82,86;,
3;82,85,87;,
3;87,88,89;,
3;88,87,90;,
3;86,82,84;,
3;89,82,87;,
3;82,89,83;,
3;85,90,87;,
3;90,85,91;,
3;92,93,94;,
3;92,95,93;,
3;95,92,96;,
3;97,92,94;,
3;97,96,92;,
3;96,97,98;,
3;99,100,101;,
3;99,102,100;,
3;102,99,103;,
3;104,99,101;,
3;104,103,99;,
3;103,104,105;,
3;106,107,108;,
3;109,106,110;,
3;106,109,111;,
3;111,112,113;,
3;112,111,114;,
3;110,106,108;,
3;113,106,111;,
3;106,113,107;,
3;109,114,111;,
3;114,109,115;,
3;116,117,118;,
3;117,116,119;,
3;116,120,121;,
3;120,116,118;,
3;122,120,123;,
3;120,122,121;,
3;124,125,126;,
3;125,124,127;,
3;128,125,129;,
3;125,128,126;,
3;128,130,131;,
3;130,128,129;,
3;132,133,134;,
3;135,132,136;,
3;132,135,137;,
3;137,138,139;,
3;138,137,140;,
3;136,132,134;,
3;139,132,137;,
3;132,139,133;,
3;135,140,137;,
3;140,135,141;,
3;142,143,144;,
3;142,145,143;,
3;145,142,146;,
3;147,142,144;,
3;147,146,142;,
3;146,147,148;,
3;149,150,151;,
3;149,152,150;,
3;152,149,153;,
3;154,149,151;,
3;154,153,149;,
3;153,154,155;,
3;156,157,158;,
3;159,157,160;,
3;157,159,158;,
3;156,161,157;,
3;160,161,162;,
3;161,160,157;,
3;163,164,165;,
3;166,163,167;,
3;163,166,168;,
3;168,169,170;,
3;169,168,171;,
3;167,163,165;,
3;170,163,168;,
3;163,170,164;,
3;166,171,168;,
3;171,166,172;,
3;173,174,175;,
3;173,176,174;,
3;176,173,177;,
3;178,173,175;,
3;178,177,173;,
3;177,178,179;,
3;180,181,182;,
3;180,183,181;,
3;183,180,184;,
3;185,180,182;,
3;185,184,180;,
3;184,185,186;,
3;187,188,189;,
3;187,190,188;,
3;190,187,191;,
3;192,187,189;,
3;192,191,187;,
3;191,192,193;,
3;194,195,196;,
3;194,197,195;,
3;197,194,198;,
3;199,194,196;,
3;199,198,194;,
3;198,199,200;,
3;201,202,203;,
3;202,201,204;,
3;205,206,207;,
3;206,205,208;,
3;209,210,211;,
3;209,212,210;,
3;212,209,213;,
3;214,209,211;,
3;214,213,209;,
3;213,214,215;,
3;216,217,218;,
3;219,216,220;,
3;216,219,221;,
3;221,222,223;,
3;222,221,224;,
3;220,216,218;,
3;223,216,221;,
3;216,223,217;,
3;219,224,221;,
3;224,219,225;,
3;226,227,228;,
3;227,226,229;,
3;230,231,232;,
3;231,230,233;,
3;234,235,236;,
3;235,234,237;,
3;238,235,237;,
3;235,238,239;,
3;238,240,239;,
3;240,238,241;,
3;242,243,244;,
3;243,242,245;,
3;246,243,245;,
3;243,246,247;,
3;246,248,247;,
3;248,246,249;,
3;250,251,252;,
3;253,250,254;,
3;250,253,255;,
3;255,256,257;,
3;256,255,258;,
3;254,250,252;,
3;257,250,255;,
3;250,257,251;,
3;253,258,255;,
3;258,253,259;,
3;260,261,262;,
3;261,263,264;,
3;263,261,265;,
3;266,264,267;,
3;264,266,268;,
3;260,265,261;,
3;261,268,262;,
3;268,261,264;,
3;267,263,269;,
3;263,267,264;,
3;270,271,272;,
3;273,271,274;,
3;271,273,272;,
3;270,275,271;,
3;274,275,276;,
3;275,274,271;,
3;277,278,279;,
3;280,278,281;,
3;278,280,282;,
3;281,283,284;,
3;283,281,285;,
3;278,282,279;,
3;285,278,277;,
3;278,285,281;,
3;280,284,286;,
3;284,280,281;,
3;287,288,289;,
3;288,287,290;;

MeshNormals {
291; // 291 normals 
-0.153614;-0.571684;-0.805965;,
-0.163527;-0.421282;-0.892065;,
-0.574046;-0.357649;-0.736586;,
-0.669750;-0.170123;-0.722837;,
-0.211480;-0.210878;-0.954362;,
0.253131;-0.313955;-0.915072;,
0.330697;-0.196776;-0.922995;,
-0.222906;-0.301173;0.927151;,
0.119298;-0.278049;0.953130;,
-0.251469;-0.282820;0.925622;,
-0.792809;-0.151616;0.590310;,
-0.571842;-0.299820;0.763613;,
-0.249259;-0.227902;0.941239;,
0.399668;-0.129334;0.907490;,
0.409781;-0.187897;0.892622;,
-0.255924;-0.147603;0.955362;,
-0.789856;-0.103502;0.604495;,
-0.573967;-0.625505;-0.528494;,
-0.612407;-0.548252;-0.569541;,
-0.789172;-0.514296;-0.335720;,
-0.324011;-0.227667;-0.918251;,
-0.687222;-0.312796;-0.655656;,
-0.395690;-0.485755;-0.779404;,
-0.966615;-0.077956;0.244085;,
-0.972475;-0.084508;-0.217141;,
-0.925565;-0.288732;-0.244873;,
-0.736686;-0.073924;-0.672182;,
0.148027;0.105492;-0.983341;,
0.132143;0.071163;-0.988673;,
-0.361681;0.085880;-0.928338;,
-0.454818;0.054610;-0.888908;,
0.124430;0.036314;-0.991564;,
0.607886;0.036404;-0.793189;,
0.689980;0.002169;-0.723825;,
0.788780;-0.032548;-0.613813;,
0.788392;-0.044503;-0.613561;,
0.788394;-0.044066;-0.613590;,
0.788789;-0.032543;-0.613802;,
0.788643;-0.039276;-0.613596;,
0.788656;-0.039217;-0.613583;,
0.789081;-0.021423;-0.613915;,
0.789081;-0.021423;-0.613915;,
-0.629579;-0.028884;-0.776399;,
-0.628963;-0.053242;-0.775610;,
-0.629546;-0.030269;-0.776373;,
-0.628968;-0.053240;-0.775606;,
-0.629884;-0.003602;-0.776681;,
-0.629886;-0.003528;-0.776680;,
-0.629957;-0.001920;-0.776628;,
-0.629968;-0.001917;-0.776619;,
0.120737;-0.128969;-0.984271;,
0.138260;-0.101997;-0.985130;,
-0.281732;-0.091847;-0.955087;,
-0.350984;-0.061163;-0.934382;,
0.142809;-0.074123;-0.986971;,
0.537672;-0.090193;-0.838316;,
0.609337;-0.069249;-0.789881;,
-0.718345;-0.631155;0.292617;,
-0.776211;-0.565715;0.278321;,
-0.627730;-0.551756;0.549108;,
-0.916770;-0.214697;-0.336804;,
-0.900792;-0.351623;0.254822;,
-0.872279;-0.488955;-0.007187;,
-0.571493;-0.208689;0.793628;,
-0.936150;-0.221534;0.273032;,
-0.544578;-0.310485;0.779124;,
-0.934147;-0.150723;-0.323500;,
-0.197901;0.042181;0.979314;,
-0.197667;0.042200;0.979360;,
-0.197921;0.042179;0.979310;,
-0.197641;0.042202;0.979366;,
-0.992322;0.058523;-0.108963;,
-0.992341;0.058507;-0.108798;,
-0.992342;0.058505;-0.108784;,
-0.992319;0.058525;-0.108982;,
-0.895414;-0.179257;0.407555;,
-0.545096;-0.162337;0.822507;,
-0.883704;-0.175529;0.433885;,
-0.476255;-0.136208;0.868694;,
-0.890231;-0.185780;0.415903;,
-0.982733;-0.147399;-0.111843;,
-0.962585;-0.163731;-0.215923;,
-0.568196;-0.632055;0.526934;,
-0.309796;-0.595737;0.741029;,
-0.522947;-0.702924;0.482104;,
-0.948042;-0.294479;0.120412;,
-0.820369;-0.514434;0.249703;,
-0.695529;-0.430603;0.575170;,
-0.211570;-0.310424;0.926755;,
-0.208757;-0.403586;0.890808;,
-0.709890;-0.342880;0.615215;,
-0.957738;-0.262839;0.116850;,
0.328596;-0.001681;0.944469;,
0.771572;-0.035131;0.635172;,
0.330782;0.009654;0.943658;,
0.821664;-0.033164;0.569007;,
0.320317;-0.013488;0.947214;,
-0.204997;0.029742;0.978311;,
-0.286312;0.009836;0.958086;,
0.946758;-0.297469;0.123130;,
0.840114;-0.246180;-0.483326;,
0.918232;-0.368248;0.145752;,
0.805994;-0.157044;-0.570711;,
0.972950;-0.204808;0.106873;,
0.710785;-0.206661;0.672366;,
0.662316;-0.152535;0.733533;,
0.145068;-0.397749;-0.905953;,
-0.322136;-0.375280;-0.869134;,
0.149633;-0.472684;-0.868435;,
0.716595;-0.135721;-0.684158;,
0.572307;-0.295966;-0.764767;,
0.132402;-0.212412;-0.968169;,
-0.533486;-0.113029;-0.838223;,
-0.522418;-0.180000;-0.833475;,
0.130642;-0.133416;-0.982412;,
0.726266;-0.093319;-0.681050;,
0.924371;0.086715;-0.371509;,
0.927433;0.046172;-0.371127;,
0.923641;0.094209;-0.371500;,
0.927586;0.046078;-0.370756;,
0.926211;0.059187;-0.372330;,
0.925601;0.069839;-0.372003;,
0.927697;-0.008397;-0.373238;,
0.927683;-0.008389;-0.373275;,
-0.305140;-0.086159;-0.948402;,
-0.303452;-0.125952;-0.944485;,
-0.303589;-0.121131;-0.945072;,
-0.305245;-0.086200;-0.948364;,
-0.303812;-0.113623;-0.945932;,
-0.303946;-0.109141;-0.946417;,
-0.305399;-0.059427;-0.950368;,
-0.305430;-0.059434;-0.950358;,
-0.066713;-0.377121;0.923758;,
0.433699;-0.358685;0.826590;,
-0.045046;-0.481158;0.875476;,
-0.750196;-0.052616;0.659119;,
-0.534325;-0.251182;0.807096;,
-0.074123;-0.132305;0.988434;,
0.661335;-0.057193;0.747907;,
0.664791;-0.126229;0.736288;,
-0.069967;-0.050423;0.996274;,
-0.740725;-0.014664;0.671649;,
0.915618;-0.336926;-0.219373;,
0.594276;-0.320726;-0.737544;,
0.858710;-0.427508;-0.282585;,
0.558545;-0.222668;-0.799029;,
0.951117;-0.228714;-0.207525;,
0.912197;-0.189012;0.363554;,
0.883853;-0.130722;0.449128;,
-0.348759;-0.355182;-0.867302;,
-0.729904;-0.351477;-0.586264;,
-0.325949;-0.253045;-0.910893;,
-0.752121;-0.425934;-0.502886;,
-0.319952;-0.475989;-0.819186;,
0.131081;-0.328081;-0.935511;,
0.190966;-0.392659;-0.899639;,
-0.714195;-0.150308;0.683618;,
-0.799011;-0.085430;0.595217;,
-0.993748;-0.101912;0.045594;,
-0.996584;-0.015529;-0.081111;,
-0.812052;-0.008987;0.583515;,
-0.291710;-0.036167;0.955823;,
-0.223804;0.002880;0.974630;,
-0.786196;-0.439126;0.434815;,
-0.546998;-0.343490;0.763418;,
-0.740683;-0.496845;0.452254;,
-0.965594;-0.197662;-0.168992;,
-0.904177;-0.424984;0.043052;,
-0.867448;-0.228308;0.442051;,
-0.463055;-0.064060;0.884012;,
-0.464601;-0.143537;0.873809;,
-0.893865;-0.088266;0.439563;,
-0.980121;-0.078269;-0.182307;,
-0.778808;-0.499444;0.379491;,
-0.488441;-0.547822;0.679203;,
-0.711519;-0.589788;0.381956;,
-0.456479;-0.441722;0.772340;,
-0.846050;-0.384258;0.369520;,
-0.945031;-0.325155;0.034514;,
-0.967712;-0.247361;-0.048440;,
0.623581;-0.002698;0.781754;,
0.953451;-0.029835;0.300070;,
0.605369;0.010365;0.795878;,
0.975990;-0.027356;0.216091;,
0.626768;-0.014413;0.779072;,
0.086232;0.023321;0.996002;,
0.016757;0.003641;0.999853;,
0.921797;-0.387211;0.018904;,
0.771758;-0.372813;-0.515171;,
0.922226;-0.386501;0.010787;,
0.729526;-0.355214;-0.584478;,
0.920890;-0.387930;0.038358;,
0.787736;-0.283991;0.546645;,
0.744680;-0.268953;0.610833;,
0.967013;-0.061006;-0.247315;,
0.765601;-0.079442;-0.638392;,
0.966967;0.021442;-0.253999;,
0.700603;-0.145425;-0.698575;,
0.962645;-0.145632;-0.228265;,
0.979313;-0.040652;0.198226;,
0.950681;-0.106472;0.291325;,
-0.997395;-0.022350;-0.068578;,
-0.997396;-0.022349;-0.068576;,
-0.997395;-0.022350;-0.068579;,
-0.997396;-0.022349;-0.068576;,
0.128668;-0.026662;-0.991329;,
0.128627;-0.026668;-0.991334;,
0.128623;-0.026669;-0.991335;,
0.128672;-0.026661;-0.991329;,
0.247888;-0.001232;0.968788;,
0.718526;0.007915;0.695455;,
0.279884;0.011716;0.959962;,
0.767581;0.001618;0.640950;,
0.243612;-0.013833;0.969774;,
-0.305351;-0.011570;0.952169;,
-0.393861;-0.025042;0.918829;,
0.626793;-0.291048;0.722788;,
0.874361;-0.233088;0.425632;,
0.628163;-0.325020;0.706946;,
0.103192;-0.179164;0.978392;,
0.275840;-0.294336;0.915029;,
0.629120;-0.194496;0.752582;,
0.951496;-0.114896;0.285401;,
0.946132;-0.139958;0.291968;,
0.633857;-0.151358;0.758496;,
0.095637;-0.137594;0.985861;,
0.151183;0.049871;-0.987247;,
0.151272;0.049860;-0.987234;,
0.151177;0.049871;-0.987248;,
0.151279;0.049859;-0.987233;,
-0.995782;0.022552;-0.088932;,
-0.995784;0.022550;-0.088913;,
-0.995784;0.022549;-0.088912;,
-0.995782;0.022552;-0.088934;,
0.974209;-0.219737;0.051314;,
0.983131;-0.175367;0.051965;,
0.974215;-0.219720;0.051269;,
0.982660;-0.177984;0.051967;,
0.993377;-0.102209;0.052490;,
0.993488;-0.101117;0.052501;,
0.996091;-0.071035;0.052512;,
0.996092;-0.071031;0.052496;,
-0.025772;0.076648;-0.996725;,
-0.026038;0.059586;-0.997884;,
-0.025708;0.076612;-0.996729;,
-0.026062;0.063023;-0.997672;,
-0.026112;0.035590;-0.999025;,
-0.026113;0.034212;-0.999073;,
-0.026081;0.024288;-0.999365;,
-0.026082;0.024288;-0.999365;,
0.878125;-0.461047;0.127799;,
0.883134;-0.422989;-0.202866;,
0.830373;-0.542342;0.127855;,
0.777062;-0.209857;0.593410;,
0.798495;-0.407055;0.443522;,
0.958540;-0.255562;0.126055;,
0.912821;-0.133235;-0.386014;,
0.902532;-0.210914;-0.375434;,
0.979595;-0.156062;0.126645;,
0.782686;-0.136950;0.607163;,
-0.303750;-0.594734;-0.744330;,
-0.313905;-0.510278;-0.800675;,
-0.698751;-0.404788;-0.589824;,
0.389560;-0.210593;-0.896601;,
-0.321099;-0.273441;-0.906711;,
0.118879;-0.451659;-0.884235;,
-0.870909;-0.107034;-0.479646;,
-0.336337;-0.165922;-0.927010;,
-0.871417;-0.164819;-0.462025;,
0.378931;-0.141392;-0.914560;,
-0.406673;-0.465516;-0.786074;,
-0.377797;-0.402781;-0.833689;,
-0.812148;-0.358829;-0.460062;,
-0.864843;-0.286052;-0.412579;,
-0.369848;-0.317802;-0.873049;,
0.176915;-0.272859;-0.945647;,
0.263550;-0.213706;-0.940676;,
-0.851005;-0.442789;-0.282362;,
-0.815892;-0.567792;0.109234;,
-0.707032;-0.700553;0.096595;,
-0.634011;-0.137522;0.760998;,
-0.965158;-0.215759;0.148046;,
-0.706628;-0.489899;0.510565;,
-0.854293;-0.087889;-0.512307;,
-0.980945;-0.080237;0.176944;,
-0.840516;-0.158213;-0.518171;,
-0.652530;-0.035404;0.756935;,
0.000000;-0.000000;1.000000;,
0.000000;-0.000000;1.000000;,
0.000000;-0.000000;1.000000;,
0.000000;-0.000000;1.000000;;

250; // 250 faces 
3;0,1,2;,
3;3,1,4;,
3;1,3,2;,
3;0,5,1;,
3;4,5,6;,
3;5,4,1;,
3;7,8,9;,
3;10,7,11;,
3;7,10,12;,
3;12,13,14;,
3;13,12,15;,
3;11,7,9;,
3;14,7,12;,
3;7,14,8;,
3;10,15,12;,
3;15,10,16;,
3;17,18,19;,
3;18,20,21;,
3;20,18,22;,
3;23,21,24;,
3;21,23,25;,
3;17,22,18;,
3;18,25,19;,
3;25,18,21;,
3;24,20,26;,
3;20,24,21;,
3;27,28,29;,
3;30,28,31;,
3;28,30,29;,
3;27,32,28;,
3;31,32,33;,
3;32,31,28;,
3;34,35,36;,
3;35,34,37;,
3;38,35,39;,
3;35,38,36;,
3;38,40,41;,
3;40,38,39;,
3;42,43,44;,
3;43,42,45;,
3;42,46,47;,
3;46,42,44;,
3;48,46,49;,
3;46,48,47;,
3;50,51,52;,
3;53,51,54;,
3;51,53,52;,
3;50,55,51;,
3;54,55,56;,
3;55,54,51;,
3;57,58,59;,
3;58,60,61;,
3;60,58,62;,
3;63,61,64;,
3;61,63,65;,
3;57,62,58;,
3;58,65,59;,
3;65,58,61;,
3;64,60,66;,
3;60,64,61;,
3;67,68,69;,
3;68,67,70;,
3;71,72,73;,
3;72,71,74;,
3;75,76,77;,
3;75,78,76;,
3;78,75,79;,
3;80,75,77;,
3;80,79,75;,
3;79,80,81;,
3;82,83,84;,
3;85,82,86;,
3;82,85,87;,
3;87,88,89;,
3;88,87,90;,
3;86,82,84;,
3;89,82,87;,
3;82,89,83;,
3;85,90,87;,
3;90,85,91;,
3;92,93,94;,
3;92,95,93;,
3;95,92,96;,
3;97,92,94;,
3;97,96,92;,
3;96,97,98;,
3;99,100,101;,
3;99,102,100;,
3;102,99,103;,
3;104,99,101;,
3;104,103,99;,
3;103,104,105;,
3;106,107,108;,
3;109,106,110;,
3;106,109,111;,
3;111,112,113;,
3;112,111,114;,
3;110,106,108;,
3;113,106,111;,
3;106,113,107;,
3;109,114,111;,
3;114,109,115;,
3;116,117,118;,
3;117,116,119;,
3;116,120,121;,
3;120,116,118;,
3;122,120,123;,
3;120,122,121;,
3;124,125,126;,
3;125,124,127;,
3;128,125,129;,
3;125,128,126;,
3;128,130,131;,
3;130,128,129;,
3;132,133,134;,
3;135,132,136;,
3;132,135,137;,
3;137,138,139;,
3;138,137,140;,
3;136,132,134;,
3;139,132,137;,
3;132,139,133;,
3;135,140,137;,
3;140,135,141;,
3;142,143,144;,
3;142,145,143;,
3;145,142,146;,
3;147,142,144;,
3;147,146,142;,
3;146,147,148;,
3;149,150,151;,
3;149,152,150;,
3;152,149,153;,
3;154,149,151;,
3;154,153,149;,
3;153,154,155;,
3;156,157,158;,
3;159,157,160;,
3;157,159,158;,
3;156,161,157;,
3;160,161,162;,
3;161,160,157;,
3;163,164,165;,
3;166,163,167;,
3;163,166,168;,
3;168,169,170;,
3;169,168,171;,
3;167,163,165;,
3;170,163,168;,
3;163,170,164;,
3;166,171,168;,
3;171,166,172;,
3;173,174,175;,
3;173,176,174;,
3;176,173,177;,
3;178,173,175;,
3;178,177,173;,
3;177,178,179;,
3;180,181,182;,
3;180,183,181;,
3;183,180,184;,
3;185,180,182;,
3;185,184,180;,
3;184,185,186;,
3;187,188,189;,
3;187,190,188;,
3;190,187,191;,
3;192,187,189;,
3;192,191,187;,
3;191,192,193;,
3;194,195,196;,
3;194,197,195;,
3;197,194,198;,
3;199,194,196;,
3;199,198,194;,
3;198,199,200;,
3;201,202,203;,
3;202,201,204;,
3;205,206,207;,
3;206,205,208;,
3;209,210,211;,
3;209,212,210;,
3;212,209,213;,
3;214,209,211;,
3;214,213,209;,
3;213,214,215;,
3;216,217,218;,
3;219,216,220;,
3;216,219,221;,
3;221,222,223;,
3;222,221,224;,
3;220,216,218;,
3;223,216,221;,
3;216,223,217;,
3;219,224,221;,
3;224,219,225;,
3;226,227,228;,
3;227,226,229;,
3;230,231,232;,
3;231,230,233;,
3;234,235,236;,
3;235,234,237;,
3;238,235,237;,
3;235,238,239;,
3;238,240,239;,
3;240,238,241;,
3;242,243,244;,
3;243,242,245;,
3;246,243,245;,
3;243,246,247;,
3;246,248,247;,
3;248,246,249;,
3;250,251,252;,
3;253,250,254;,
3;250,253,255;,
3;255,256,257;,
3;256,255,258;,
3;254,250,252;,
3;257,250,255;,
3;250,257,251;,
3;253,258,255;,
3;258,253,259;,
3;260,261,262;,
3;261,263,264;,
3;263,261,265;,
3;266,264,267;,
3;264,266,268;,
3;260,265,261;,
3;261,268,262;,
3;268,261,264;,
3;267,263,269;,
3;263,267,264;,
3;270,271,272;,
3;273,271,274;,
3;271,273,272;,
3;270,275,271;,
3;274,275,276;,
3;275,274,271;,
3;277,278,279;,
3;280,278,281;,
3;278,280,282;,
3;281,283,284;,
3;283,281,285;,
3;278,282,279;,
3;285,278,277;,
3;278,285,281;,
3;280,284,286;,
3;284,280,281;,
3;287,288,289;,
3;288,287,290;;
}
MeshMaterialList {
 2; // Number of unique materials
 250; // Number of faces
0,0,0,0,0,0,0,0,0,0,0,0,0,0,0,0,0,0,0,0,0,0,0,0,0,0,0,0,0,0,0,0,0,0,0,0,0,0,0,0,0,0,0,0,0,0,0,0,0,0,0,0,0,0,0,0,0,0,0,0,0,0,0,0,0,0,0,0,0,0,0,0,0,0,0,0,0,0,0,0,0,0,0,0,0,0,0,0,0,0,0,0,0,0,0,0,0,0,0,0,0,0,0,0,0,0,0,0,0,0,0,0,0,0,0,0,0,0,0,0,0,0,0,0,0,0,0,0,0,0,0,0,0,0,0,0,0,0,0,0,0,0,0,0,0,0,0,0,0,0,0,0,0,0,0,0,0,0,0,0,0,0,0,0,0,0,0,0,0,0,0,0,0,0,0,0,0,0,0,0,0,0,0,0,0,0,0,0,0,0,0,0,0,0,0,0,0,0,0,0,0,0,0,0,0,0,0,0,0,0,0,0,0,0,0,0,0,0,0,0,0,0,0,0,0,0,0,0,0,0,0,0,0,0,0,0,0,0,0,0,0,0,0,0,0,0,0,0,1,1;;
Material {
0.415686;0.533333;0.588235;1.000000;;
387000.0;
0.900000;0.900000;0.900000;;
1.000000;0.000000;0.000000;;
TextureFilename {"model/blockworld/05plants/02grass/Grass06.dds";}
}
Material {
0.588235;0.588235;0.588235;1.000000;;
645000.0;
0.900000;0.900000;0.900000;;
1.000000;0.000000;0.000000;;
TextureFilename {"character/v5/09effect/Texture/Glow01_Blue.dds";}
}
}// materials
MeshTextureCoords {
291; // 291 UV
0.798900;-0.990400;,
0.798900;-0.496900;,
0.843400;-0.496900;,
0.843400;-0.007400;,
0.798900;-0.007400;,
0.754300;-0.496900;,
0.754300;-0.007400;,
0.798900;-0.661400;,
0.843400;-0.661400;,
0.798900;-0.990400;,
0.754300;-0.332400;,
0.754300;-0.661400;,
0.798900;-0.332400;,
0.843400;-0.007400;,
0.843400;-0.332400;,
0.798900;-0.007400;,
0.754300;-0.007400;,
0.371100;-0.990400;,
0.371100;-0.661400;,
0.415600;-0.661400;,
0.326600;-0.332400;,
0.371100;-0.332400;,
0.326600;-0.661400;,
0.415600;-0.007400;,
0.371100;-0.007400;,
0.415600;-0.332400;,
0.326600;-0.007400;,
0.798900;-0.990400;,
0.798900;-0.496900;,
0.843400;-0.496900;,
0.843400;-0.007400;,
0.798900;-0.007400;,
0.754300;-0.496900;,
0.754300;-0.007400;,
0.735500;-0.990400;,
0.646500;-0.661400;,
0.735500;-0.661400;,
0.646500;-0.990400;,
0.735500;-0.332400;,
0.646500;-0.332400;,
0.646500;-0.007400;,
0.735500;-0.007400;,
0.646500;-0.661400;,
0.735500;-0.990400;,
0.735500;-0.661400;,
0.646500;-0.990400;,
0.735500;-0.332400;,
0.646500;-0.332400;,
0.646500;-0.007400;,
0.735500;-0.007400;,
0.371100;-0.990400;,
0.371100;-0.496900;,
0.415600;-0.496900;,
0.415600;-0.007400;,
0.371100;-0.007400;,
0.326600;-0.496900;,
0.326600;-0.007400;,
0.798900;-0.990400;,
0.798900;-0.661400;,
0.843400;-0.661400;,
0.754300;-0.332400;,
0.798900;-0.332400;,
0.754300;-0.661400;,
0.843400;-0.007400;,
0.798900;-0.007400;,
0.843400;-0.332400;,
0.754300;-0.007400;,
0.868000;-0.661400;,
0.957000;-0.007400;,
0.957000;-0.661400;,
0.868000;-0.007400;,
0.957000;-0.007400;,
0.868000;-0.661400;,
0.957000;-0.661400;,
0.868000;-0.007400;,
0.798900;-0.496900;,
0.843400;-0.496900;,
0.798900;-0.990400;,
0.843400;-0.007400;,
0.798900;-0.007400;,
0.754300;-0.496900;,
0.754300;-0.007400;,
0.371100;-0.661400;,
0.415600;-0.661400;,
0.371100;-0.990400;,
0.326600;-0.332400;,
0.326600;-0.661400;,
0.371100;-0.332400;,
0.415600;-0.007400;,
0.415600;-0.332400;,
0.371100;-0.007400;,
0.326600;-0.007400;,
0.468800;-0.496900;,
0.513300;-0.496900;,
0.468800;-0.990400;,
0.513300;-0.007400;,
0.468800;-0.007400;,
0.424200;-0.496900;,
0.424200;-0.007400;,
0.371100;-0.496900;,
0.415600;-0.496900;,
0.371100;-0.990400;,
0.415600;-0.007400;,
0.371100;-0.007400;,
0.326600;-0.496900;,
0.326600;-0.007400;,
0.371100;-0.661400;,
0.415600;-0.661400;,
0.371100;-0.990400;,
0.326600;-0.332400;,
0.326600;-0.661400;,
0.371100;-0.332400;,
0.415600;-0.007400;,
0.415600;-0.332400;,
0.371100;-0.007400;,
0.326600;-0.007400;,
0.646500;-0.661400;,
0.735500;-0.990400;,
0.735500;-0.661400;,
0.646500;-0.990400;,
0.735500;-0.332400;,
0.646500;-0.332400;,
0.646500;-0.007400;,
0.735500;-0.007400;,
0.735500;-0.990400;,
0.646500;-0.661400;,
0.735500;-0.661400;,
0.646500;-0.990400;,
0.735500;-0.332400;,
0.646500;-0.332400;,
0.646500;-0.007400;,
0.735500;-0.007400;,
0.468800;-0.661400;,
0.513300;-0.661400;,
0.468800;-0.990400;,
0.424200;-0.332400;,
0.424200;-0.661400;,
0.468800;-0.332400;,
0.513300;-0.007400;,
0.513300;-0.332400;,
0.468800;-0.007400;,
0.424200;-0.007400;,
0.468800;-0.496900;,
0.513300;-0.496900;,
0.468800;-0.990400;,
0.513300;-0.007400;,
0.468800;-0.007400;,
0.424200;-0.496900;,
0.424200;-0.007400;,
0.371100;-0.496900;,
0.415600;-0.496900;,
0.371100;-0.990400;,
0.415600;-0.007400;,
0.371100;-0.007400;,
0.326600;-0.496900;,
0.326600;-0.007400;,
0.468800;-0.990400;,
0.468800;-0.496900;,
0.513300;-0.496900;,
0.513300;-0.007400;,
0.468800;-0.007400;,
0.424200;-0.496900;,
0.424200;-0.007400;,
0.371100;-0.661400;,
0.415600;-0.661400;,
0.371100;-0.990400;,
0.326600;-0.332400;,
0.326600;-0.661400;,
0.371100;-0.332400;,
0.415600;-0.007400;,
0.415600;-0.332400;,
0.371100;-0.007400;,
0.326600;-0.007400;,
0.798900;-0.496900;,
0.843400;-0.496900;,
0.798900;-0.990400;,
0.843400;-0.007400;,
0.798900;-0.007400;,
0.754300;-0.496900;,
0.754300;-0.007400;,
0.468800;-0.496900;,
0.513300;-0.496900;,
0.468800;-0.990400;,
0.513300;-0.007400;,
0.468800;-0.007400;,
0.424200;-0.496900;,
0.424200;-0.007400;,
0.371100;-0.496900;,
0.415600;-0.496900;,
0.371100;-0.990400;,
0.415600;-0.007400;,
0.371100;-0.007400;,
0.326600;-0.496900;,
0.326600;-0.007400;,
0.798900;-0.496900;,
0.843400;-0.496900;,
0.798900;-0.990400;,
0.843400;-0.007400;,
0.798900;-0.007400;,
0.754300;-0.496900;,
0.754300;-0.007400;,
0.868000;-0.661400;,
0.957000;-0.007400;,
0.957000;-0.661400;,
0.868000;-0.007400;,
0.957000;-0.007400;,
0.868000;-0.661400;,
0.957000;-0.661400;,
0.868000;-0.007400;,
0.468800;-0.496900;,
0.513300;-0.496900;,
0.468800;-0.990400;,
0.513300;-0.007400;,
0.468800;-0.007400;,
0.424200;-0.496900;,
0.424200;-0.007400;,
0.371100;-0.661400;,
0.415600;-0.661400;,
0.371100;-0.990400;,
0.326600;-0.332400;,
0.326600;-0.661400;,
0.371100;-0.332400;,
0.415600;-0.007400;,
0.415600;-0.332400;,
0.371100;-0.007400;,
0.326600;-0.007400;,
0.646500;-0.990400;,
0.735500;-0.007400;,
0.735500;-0.990400;,
0.646500;-0.007400;,
0.735500;-0.007400;,
0.646500;-0.990400;,
0.735500;-0.990400;,
0.646500;-0.007400;,
0.637900;-0.990400;,
0.548800;-0.661400;,
0.548800;-0.990400;,
0.637900;-0.661400;,
0.637900;-0.332400;,
0.548800;-0.332400;,
0.548800;-0.007400;,
0.637900;-0.007400;,
0.637900;-0.990400;,
0.548800;-0.661400;,
0.548800;-0.990400;,
0.637900;-0.661400;,
0.637900;-0.332400;,
0.548800;-0.332400;,
0.548800;-0.007400;,
0.637900;-0.007400;,
0.371100;-0.661400;,
0.415600;-0.661400;,
0.371100;-0.990400;,
0.326600;-0.332400;,
0.326600;-0.661400;,
0.371100;-0.332400;,
0.415600;-0.007400;,
0.415600;-0.332400;,
0.371100;-0.007400;,
0.326600;-0.007400;,
0.468800;-0.990400;,
0.468800;-0.661400;,
0.513300;-0.661400;,
0.424200;-0.332400;,
0.468800;-0.332400;,
0.424200;-0.661400;,
0.513300;-0.007400;,
0.468800;-0.007400;,
0.513300;-0.332400;,
0.424200;-0.007400;,
0.468800;-0.990400;,
0.468800;-0.496900;,
0.513300;-0.496900;,
0.513300;-0.007400;,
0.468800;-0.007400;,
0.424200;-0.496900;,
0.424200;-0.007400;,
0.513300;-0.661400;,
0.468800;-0.661400;,
0.468800;-0.990400;,
0.424200;-0.332400;,
0.468800;-0.332400;,
0.424200;-0.661400;,
0.513300;-0.007400;,
0.468800;-0.007400;,
0.513300;-0.332400;,
0.424200;-0.007400;,
0.000000;-0.000000;,
1.000000;-1.000000;,
1.000000;-0.000000;,
0.000000;-1.000000;;
}// UV
}// mesh
