xof 0303txt 0032
// Exported by ParaEngine X file exporter V0.2
ParaXHeader header{
112,97,114,97;
1,0,0,0;
1;
0;
-0.093714;-0.500000;-1.000000;;
0.093714;1.500000;1.000000;;
3;
}
Mesh mesh_object{
48; // 48 vertices 
-0.093714;0.461336;-1.000000;,
0.093714;0.461336;1.000000;,
-0.093714;0.461336;1.000000;,
0.093714;0.461336;-1.000000;,
-0.093714;1.500000;-1.000000;,
0.093714;1.500000;1.000000;,
0.093714;1.500000;-1.000000;,
-0.093714;1.500000;1.000000;,
-0.093714;0.461336;-1.000000;,
0.093714;1.500000;-1.000000;,
0.093714;0.461336;-1.000000;,
-0.093714;1.500000;-1.000000;,
0.093714;0.461336;-1.000000;,
0.093714;1.500000;1.000000;,
0.093714;0.461336;1.000000;,
0.093714;1.500000;-1.000000;,
0.093714;0.461336;1.000000;,
-0.093714;1.500000;1.000000;,
-0.093714;0.461336;1.000000;,
0.093714;1.500000;1.000000;,
-0.067785;-0.500000;-0.097749;,
0.067785;-0.500000;0.097749;,
-0.067785;-0.500000;0.097749;,
0.067785;-0.500000;-0.097749;,
-0.067785;0.609841;-0.097749;,
0.067785;0.609841;0.097749;,
0.067785;0.609841;-0.097749;,
-0.067785;0.609841;0.097749;,
-0.067785;-0.500000;-0.097749;,
0.067785;0.609841;-0.097749;,
0.067785;-0.500000;-0.097749;,
-0.067785;0.609841;-0.097749;,
0.067785;-0.500000;-0.097749;,
0.067785;0.609841;0.097749;,
0.067785;-0.500000;0.097749;,
0.067785;0.609841;-0.097749;,
0.067785;-0.500000;0.097749;,
-0.067785;0.609841;0.097749;,
-0.067785;-0.500000;0.097749;,
0.067785;0.609841;0.097749;,
-0.067785;-0.500000;0.097749;,
-0.067785;0.609841;-0.097749;,
-0.067785;-0.500000;-0.097749;,
-0.067785;0.609841;0.097749;,
-0.093714;0.461336;-1.000000;,
-0.093714;1.500000;1.000000;,
-0.093714;1.500000;-1.000000;,
-0.093714;0.461336;1.000000;;

24; // 24 faces 
3;0,1,2;,
3;1,0,3;,
3;4,5,6;,
3;5,4,7;,
3;8,9,10;,
3;9,8,11;,
3;12,13,14;,
3;13,12,15;,
3;16,17,18;,
3;17,16,19;,
3;20,21,22;,
3;21,20,23;,
3;24,25,26;,
3;25,24,27;,
3;28,29,30;,
3;29,28,31;,
3;32,33,34;,
3;33,32,35;,
3;36,37,38;,
3;37,36,39;,
3;40,41,42;,
3;41,40,43;,
3;44,45,46;,
3;45,44,47;;

MeshNormals {
48; // 48 normals 
0.000000;-1.000000;0.000000;,
0.000000;-1.000000;0.000000;,
0.000000;-1.000000;0.000000;,
0.000000;-1.000000;0.000000;,
0.000000;1.000000;0.000000;,
0.000000;1.000000;0.000000;,
0.000000;1.000000;0.000000;,
0.000000;1.000000;0.000000;,
0.000000;0.000000;-1.000000;,
0.000000;0.000000;-1.000000;,
0.000000;0.000000;-1.000000;,
0.000000;0.000000;-1.000000;,
1.000000;0.000000;0.000000;,
1.000000;0.000000;0.000000;,
1.000000;0.000000;0.000000;,
1.000000;0.000000;0.000000;,
0.000000;0.000000;1.000000;,
0.000000;0.000000;1.000000;,
0.000000;0.000000;1.000000;,
0.000000;0.000000;1.000000;,
0.000000;-1.000000;0.000000;,
0.000000;-1.000000;0.000000;,
0.000000;-1.000000;0.000000;,
0.000000;-1.000000;0.000000;,
0.000000;1.000000;0.000000;,
0.000000;1.000000;0.000000;,
0.000000;1.000000;0.000000;,
0.000000;1.000000;0.000000;,
0.000000;0.000000;-1.000000;,
0.000000;0.000000;-1.000000;,
0.000000;0.000000;-1.000000;,
0.000000;0.000000;-1.000000;,
1.000000;0.000000;0.000000;,
1.000000;0.000000;0.000000;,
1.000000;0.000000;0.000000;,
1.000000;0.000000;0.000000;,
0.000000;0.000000;1.000000;,
0.000000;0.000000;1.000000;,
0.000000;0.000000;1.000000;,
0.000000;0.000000;1.000000;,
-1.000000;0.000000;0.000000;,
-1.000000;0.000000;0.000000;,
-1.000000;0.000000;0.000000;,
-1.000000;0.000000;0.000000;,
-1.000000;0.000000;0.000000;,
-1.000000;0.000000;0.000000;,
-1.000000;0.000000;0.000000;,
-1.000000;0.000000;0.000000;;

24; // 24 faces 
3;0,1,2;,
3;1,0,3;,
3;4,5,6;,
3;5,4,7;,
3;8,9,10;,
3;9,8,11;,
3;12,13,14;,
3;13,12,15;,
3;16,17,18;,
3;17,16,19;,
3;20,21,22;,
3;21,20,23;,
3;24,25,26;,
3;25,24,27;,
3;28,29,30;,
3;29,28,31;,
3;32,33,34;,
3;33,32,35;,
3;36,37,38;,
3;37,36,39;,
3;40,41,42;,
3;41,40,43;,
3;44,45,46;,
3;45,44,47;;
}
MeshMaterialList {
 1; // Number of unique materials
 24; // Number of faces
0,0,0,0,0,0,0,0,0,0,0,0,0,0,0,0,0,0,0,0,0,0,0,0;;
Material {
0.588000;0.588000;0.588000;1.000000;;
0.0;
0.900000;0.900000;0.900000;;
1.000000;0.000000;0.000000;;
TextureFilename {"Texture/blocks/Sign.png";}
}
}// materials
MeshTextureCoords {
48; // 48 UV
0.915264;-0.368923;,
0.333483;-0.311909;,
0.333483;-0.368923;,
0.915264;-0.311909;,
0.915264;-0.311909;,
0.333483;-0.368923;,
0.915264;-0.368923;,
0.333483;-0.311909;,
0.619247;-0.022620;,
0.349396;-0.078389;,
0.619247;-0.078389;,
0.349397;-0.022620;,
0.022113;-0.628213;,
0.745053;-0.983813;,
0.745052;-0.628213;,
0.022113;-0.983813;,
0.619247;-0.022620;,
0.349396;-0.078389;,
0.619247;-0.078389;,
0.349397;-0.022620;,
0.138852;-0.004799;,
0.007198;-0.428160;,
0.138852;-0.428160;,
0.007198;-0.004799;,
0.007198;-0.004799;,
0.138852;-0.992802;,
0.138852;-0.004799;,
0.007198;-0.992802;,
0.007198;-0.004799;,
0.138852;-0.428160;,
0.138852;-0.004799;,
0.007198;-0.428160;,
0.007198;-0.004799;,
0.138852;-0.428160;,
0.138852;-0.004799;,
0.007198;-0.428160;,
0.007198;-0.004799;,
0.138852;-0.428160;,
0.138852;-0.004799;,
0.007198;-0.428160;,
0.007198;-0.004799;,
0.138852;-0.428160;,
0.138852;-0.004799;,
0.007198;-0.428160;,
0.258091;-0.007127;,
0.990447;-0.372142;,
0.258092;-0.372143;,
0.990447;-0.007126;;
}// UV
}// mesh
