xof 0303txt 0032
// Exported by ParaEngine X file exporter V0.2
ParaXHeader header{
112,97,114,97;
1,0,0,0;
1;
0;
-0.372611;-0.501055;-0.651775;;
0.442597;0.595097;0.641453;;
3;
}
Mesh mesh_object{
418; // 418 vertices 
-0.198728;0.498931;0.041457;,
-0.207664;0.407550;-0.229792;,
-0.270878;0.412496;0.015801;,
-0.159483;0.487456;-0.176169;,
0.206277;0.499032;0.090938;,
0.249246;0.406547;-0.213234;,
0.179958;0.485077;-0.158244;,
0.286746;0.411604;0.063318;,
0.158640;0.491309;0.248173;,
0.212513;0.404454;0.289916;,
0.212513;0.404454;0.289916;,
-0.188018;0.492914;0.226978;,
-0.244804;0.407593;0.264522;,
0.158640;0.491309;0.248173;,
0.003067;0.501858;0.125977;,
0.003067;0.501858;0.125977;,
-0.277644;0.032734;0.001379;,
-0.225949;-0.163083;-0.252241;,
-0.290575;-0.166643;-0.002581;,
-0.244733;0.030382;-0.231341;,
0.319358;0.029354;0.017184;,
0.270575;-0.179928;-0.237902;,
0.269238;0.036683;-0.225443;,
0.276393;-0.178807;0.021872;,
0.244748;0.009215;0.279698;,
0.243767;-0.197098;0.268837;,
0.243767;-0.197098;0.268837;,
-0.246125;0.022073;0.272630;,
-0.263837;-0.186492;0.244665;,
0.244748;0.009215;0.279698;,
-0.225949;-0.163083;-0.252241;,
-0.244733;0.030382;-0.231341;,
-0.207664;0.407550;-0.229792;,
-0.159483;0.487456;-0.176169;,
-0.229450;0.255061;-0.248542;,
-0.302811;0.247603;0.005120;,
0.278055;0.262510;-0.236694;,
-0.229450;0.255061;-0.248542;,
0.322481;0.253637;0.033381;,
0.240961;0.238078;0.306807;,
-0.267486;0.240151;0.280904;,
0.240961;0.238078;0.306807;,
-0.257018;-0.380800;-0.010345;,
-0.199541;-0.386216;-0.234514;,
-0.199541;-0.386216;-0.234514;,
0.253974;-0.393609;-0.223985;,
0.284312;-0.402280;0.006075;,
0.229245;-0.412334;0.263002;,
0.229245;-0.412334;0.263002;,
-0.236016;-0.394179;0.235258;,
-0.221201;-0.501055;0.209357;,
0.206025;-0.501054;0.239565;,
-0.225795;-0.501047;-0.018962;,
-0.161455;-0.501040;-0.211593;,
0.218761;-0.501038;-0.204964;,
-0.161455;-0.501040;-0.211593;,
0.251776;-0.501045;0.007946;,
0.206025;-0.501054;0.239565;,
-0.076090;0.225441;0.395915;,
-0.014832;0.312048;0.423711;,
-0.018578;0.319255;0.378092;,
-0.050170;0.260540;0.442251;,
0.089504;0.319278;0.418324;,
0.081515;0.256712;0.486660;,
0.118548;0.234535;0.467713;,
0.063756;0.313765;0.451897;,
0.039144;0.200425;0.504716;,
0.059079;0.137029;0.489414;,
-0.030854;0.202043;0.474116;,
0.039144;0.200425;0.504716;,
-0.028299;0.200416;0.471238;,
0.059079;0.137029;0.489414;,
-0.050226;0.141443;0.447949;,
0.011390;0.268246;0.480711;,
0.011390;0.268246;0.480711;,
0.063438;0.313963;0.451684;,
-0.014832;0.312048;0.423711;,
-0.018578;0.319255;0.378092;,
0.011830;0.256798;0.298850;,
-0.045308;0.171272;0.324077;,
0.117368;0.257912;0.338888;,
0.011830;0.256798;0.298850;,
0.144454;0.175214;0.386707;,
0.087255;0.084831;0.413306;,
0.087255;0.084831;0.413306;,
-0.020461;0.089751;0.372434;,
-0.005286;0.144271;0.257527;,
0.024355;0.225001;0.262697;,
0.024355;0.225001;0.262697;,
0.118583;0.241324;0.303068;,
0.173584;0.160853;0.293442;,
0.145007;0.073626;0.286877;,
0.145007;0.073626;0.286877;,
0.032488;0.071129;0.279451;,
-0.005078;-0.108631;0.480871;,
0.019306;-0.098913;0.386666;,
-0.045258;-0.124664;0.432625;,
0.041347;-0.094306;0.446563;,
0.117416;-0.169817;0.483305;,
0.121683;-0.127961;0.386560;,
0.111129;-0.106251;0.448152;,
0.132080;-0.213111;0.436542;,
0.062806;-0.197553;0.514060;,
0.059356;-0.245624;0.488391;,
0.059356;-0.245624;0.488391;,
0.001354;-0.171196;0.518905;,
-0.043084;-0.217830;0.485314;,
0.062806;-0.197553;0.514060;,
0.058754;-0.138801;0.495809;,
0.058754;-0.138801;0.495809;,
0.019306;-0.098913;0.386666;,
0.041347;-0.094306;0.446563;,
0.002192;-0.149575;0.283420;,
-0.067476;-0.184803;0.328339;,
0.107115;-0.184813;0.294034;,
0.002192;-0.149575;0.283420;,
0.114099;-0.285304;0.336277;,
0.040031;-0.306287;0.386032;,
0.040031;-0.306287;0.386032;,
-0.070553;-0.289859;0.386452;,
-0.088782;-0.219265;0.250903;,
-0.015731;-0.180761;0.211172;,
-0.015731;-0.180761;0.211172;,
0.086493;-0.222818;0.218206;,
0.096925;-0.311878;0.244946;,
0.029178;-0.330503;0.289729;,
0.029178;-0.330503;0.289729;,
-0.084822;-0.319755;0.293762;,
-0.076594;-0.319036;0.169118;,
0.000198;-0.323479;0.167427;,
-0.066165;-0.266815;0.155889;,
-0.018431;-0.223877;0.140270;,
0.040934;-0.258692;0.153544;,
-0.018431;-0.223877;0.140270;,
0.043653;-0.323749;0.164193;,
0.000198;-0.323479;0.167427;,
-0.166097;0.164354;-0.373651;,
-0.113759;0.182836;-0.497365;,
-0.126231;0.087525;-0.460006;,
-0.139431;0.227474;-0.434287;,
0.016160;0.087569;-0.488765;,
0.027320;0.236213;-0.471975;,
0.082222;0.163363;-0.420491;,
-0.021174;0.181927;-0.519442;,
0.003911;0.294244;-0.410448;,
0.045956;0.249492;-0.335130;,
-0.090306;0.292912;-0.388973;,
-0.089555;0.247817;-0.306222;,
-0.061845;0.259207;-0.482233;,
-0.061845;0.259207;-0.482233;,
-0.092350;-0.046023;-0.338774;,
-0.127200;0.055379;-0.265944;,
0.038958;-0.055816;-0.375856;,
0.113463;0.044758;-0.328717;,
0.080663;0.123976;-0.252011;,
-0.058320;0.123929;-0.221422;,
-0.058320;0.123929;-0.221422;,
-0.089555;0.247817;-0.306222;,
-0.090306;0.292912;-0.388973;,
0.016160;0.087569;-0.488765;,
0.038958;-0.055816;-0.375856;,
-0.021174;0.181927;-0.519442;,
-0.092432;-0.013494;-0.193337;,
-0.060553;-0.111396;-0.253334;,
0.064772;-0.112883;-0.278776;,
0.064772;-0.112883;-0.278776;,
0.129054;-0.016425;-0.244890;,
0.098971;0.057907;-0.178231;,
-0.045214;0.056533;-0.160146;,
-0.045214;0.056533;-0.160146;,
0.002058;-0.005551;-0.095612;,
0.105178;-0.004057;-0.118949;,
-0.040427;-0.060205;-0.123929;,
0.002058;-0.005551;-0.095612;,
-0.025689;-0.121443;-0.151272;,
0.082921;-0.117603;-0.161089;,
0.082921;-0.117603;-0.161089;,
0.100071;-0.046802;-0.148450;,
0.068850;0.594488;0.177118;,
-0.024928;0.501238;0.146755;,
0.114292;0.482651;0.160452;,
0.066733;0.500533;0.091480;,
0.049819;0.479855;0.218183;,
0.068942;0.595097;0.176777;,
0.078394;0.329938;0.557224;,
0.121972;0.248977;0.473378;,
0.017244;0.267487;0.476397;,
0.053469;0.216721;0.504646;,
0.065312;0.303236;0.445869;,
0.078422;0.329897;0.557706;,
0.207383;0.080137;0.428392;,
0.094798;0.081087;0.372115;,
0.115310;0.164888;0.431968;,
0.084345;0.103432;0.444395;,
0.129738;0.158758;0.371504;,
0.207584;0.079775;0.428704;,
0.039374;0.006757;0.412409;,
0.112960;-0.099678;0.431470;,
0.009639;-0.116902;0.414465;,
0.041555;-0.106855;0.469054;,
0.060852;-0.113007;0.373732;,
0.039269;0.007187;0.412693;,
0.185845;-0.169801;0.569882;,
0.143755;-0.181139;0.434551;,
0.054002;-0.203905;0.515302;,
0.105407;-0.258990;0.482435;,
0.074954;-0.130710;0.483215;,
0.186282;-0.170137;0.570184;,
0.136711;0.589687;-0.113777;,
0.099788;0.452568;-0.158836;,
0.135416;0.461452;-0.053286;,
0.178414;0.447313;-0.111470;,
0.063953;0.468476;-0.080133;,
0.137144;0.590079;-0.113945;,
-0.179986;0.574865;0.013390;,
-0.146860;0.466632;-0.015270;,
-0.164703;0.481428;0.068637;,
-0.112096;0.487671;0.041048;,
-0.202796;0.463374;0.028693;,
-0.179765;0.575293;0.013355;,
-0.048895;0.317517;-0.545769;,
0.001106;0.264961;-0.458823;,
-0.085275;0.227575;-0.486763;,
-0.074031;0.275166;-0.448280;,
-0.027068;0.210238;-0.502697;,
-0.049043;0.317994;-0.545835;,
-0.234429;0.281703;-0.477618;,
-0.085126;0.275133;-0.450594;,
-0.157774;0.181012;-0.406453;,
-0.136761;0.254656;-0.376520;,
-0.120396;0.183297;-0.471777;,
-0.234854;0.282159;-0.477491;,
-0.064578;0.018332;-0.537388;,
0.012931;0.081438;-0.476734;,
-0.076941;0.065991;-0.442471;,
-0.056035;0.115930;-0.474760;,
-0.025571;0.028613;-0.437875;,
-0.064762;0.018432;-0.537794;,
-0.372291;0.329821;-0.088171;,
-0.244176;0.322339;-0.079323;,
-0.301811;0.275269;-0.008809;,
-0.277566;0.341470;-0.012092;,
-0.279710;0.247148;-0.062226;,
-0.372611;0.330258;-0.088185;,
-0.298216;0.232860;0.312300;,
-0.226854;0.256091;0.216676;,
-0.178632;0.208699;0.292700;,
-0.184879;0.277600;0.279163;,
-0.211212;0.178129;0.245129;,
-0.298480;0.233207;0.312587;,
-0.109048;0.235310;0.280455;,
-0.055478;0.203666;0.383238;,
0.000895;0.183310;0.302918;,
-0.043147;0.141196;0.332971;,
-0.000567;0.241653;0.337481;,
-0.109495;0.235132;0.280248;,
-0.113060;0.232777;0.516821;,
0.005634;0.186066;0.500021;,
-0.047081;0.222278;0.422030;,
-0.045178;0.157115;0.446200;,
-0.006668;0.258123;0.460650;,
-0.113493;0.232531;0.516996;,
-0.360945;-0.127450;0.120498;,
-0.277842;-0.066254;0.048918;,
-0.238817;-0.143090;0.108816;,
-0.245641;-0.073408;0.118425;,
-0.263434;-0.150790;0.051132;,
-0.361259;-0.127247;0.120845;,
-0.308218;-0.272911;-0.232160;,
-0.171358;-0.207495;-0.212479;,
-0.205126;-0.303674;-0.141109;,
-0.216717;-0.221033;-0.133870;,
-0.166508;-0.308740;-0.205704;,
-0.308792;-0.272648;-0.232142;,
0.044791;-0.181653;-0.392867;,
0.079033;-0.037685;-0.360983;,
-0.005783;-0.095383;-0.298654;,
-0.015282;-0.050676;-0.358153;,
0.071843;-0.093629;-0.289491;,
0.044561;-0.181894;-0.393337;,
-0.227274;0.041135;-0.234564;,
-0.124795;-0.022280;-0.286621;,
-0.107942;0.082444;-0.251819;,
-0.128946;0.061454;-0.310512;,
-0.100618;0.019211;-0.221285;,
-0.227762;0.041276;-0.234749;,
-0.191804;-0.243739;0.351475;,
-0.045857;-0.219718;0.392369;,
-0.064664;-0.265368;0.284105;,
-0.053638;-0.308977;0.347895;,
-0.060613;-0.185232;0.307550;,
-0.192253;-0.244136;0.351693;,
0.121365;-0.419629;0.414797;,
0.124209;-0.266579;0.375256;,
0.017713;-0.335167;0.352775;,
0.084394;-0.324580;0.309631;,
0.036878;-0.290667;0.413857;,
0.121736;-0.420133;0.414638;,
0.023716;0.247986;-0.208561;,
-0.062659;0.185037;-0.281314;,
0.040520;0.146767;-0.281102;,
0.011283;0.197974;-0.318429;,
-0.013242;0.126543;-0.244039;,
0.023883;0.248523;-0.208552;,
0.178956;0.055235;-0.397486;,
0.102670;0.108570;-0.328742;,
0.064587;0.056650;-0.397880;,
0.080179;0.120071;-0.394899;,
0.079706;0.035163;-0.345310;,
0.179305;0.055437;-0.397746;,
0.339806;0.057136;-0.164665;,
0.217662;0.009972;-0.185416;,
0.244259;0.034063;-0.090640;,
0.250977;-0.028942;-0.122495;,
0.216253;0.077502;-0.135075;,
0.340293;0.056899;-0.164750;,
0.442015;0.242977;-0.049248;,
0.306614;0.169177;-0.032950;,
0.317969;0.290338;0.011834;,
0.333310;0.215428;0.044265;,
0.293631;0.267623;-0.056490;,
0.442597;0.242808;-0.049067;,
0.349736;0.447910;0.192278;,
0.279863;0.365721;0.089632;,
0.206669;0.443587;0.156223;,
0.226063;0.361672;0.166006;,
0.246222;0.462661;0.093002;,
0.350068;0.447701;0.192739;,
0.355351;-0.153088;0.187547;,
0.223772;-0.201318;0.127901;,
0.236679;-0.072366;0.149118;,
0.205061;-0.132813;0.193225;,
0.257881;-0.115769;0.088147;,
0.355611;-0.153246;0.188058;,
0.309541;0.161804;0.347604;,
0.228619;0.047054;0.246472;,
0.161949;0.178158;0.272473;,
0.153619;0.092967;0.313188;,
0.223888;0.157718;0.211060;,
0.309733;0.161716;0.348241;,
-0.171338;0.473357;-0.259427;,
-0.301299;0.489300;0.042627;,
-0.015280;0.503365;0.133578;,
-0.015280;0.503365;0.133578;,
0.273465;0.489439;0.111304;,
0.160280;0.470053;-0.234549;,
-0.152535;-0.486628;-0.253053;,
-0.295685;-0.486638;-0.023110;,
0.166933;-0.486626;-0.245140;,
0.287207;-0.486635;0.009010;,
0.139454;0.478711;0.329539;,
0.156232;-0.486645;0.285495;,
-0.199216;0.480940;0.300120;,
0.156232;-0.486645;0.285495;,
0.139454;0.478711;0.329539;,
-0.202735;-0.486646;0.249435;,
-0.152535;-0.486628;-0.253053;,
-0.171338;0.473357;-0.259427;,
-0.105266;-0.393466;0.229064;,
0.123822;-0.190873;0.613669;,
-0.042296;-0.190873;0.641453;,
0.068126;-0.393466;0.278891;,
-0.105887;-0.174695;0.264207;,
0.115927;-0.036584;0.536037;,
0.060231;-0.174695;0.236423;,
-0.050191;-0.036584;0.563821;,
0.068126;-0.393466;0.278891;,
0.115927;-0.036584;0.536037;,
0.123822;-0.190873;0.613669;,
0.060231;-0.174695;0.236423;,
0.123822;-0.190873;0.613669;,
-0.050191;-0.036584;0.563821;,
-0.042296;-0.190873;0.641453;,
0.115927;-0.036584;0.536037;,
-0.042296;-0.190873;0.641453;,
-0.105887;-0.174695;0.264207;,
-0.105266;-0.393466;0.229064;,
-0.050191;-0.036584;0.563821;,
-0.014619;0.067526;0.270185;,
0.096529;0.220760;0.549438;,
-0.069589;0.220760;0.521654;,
0.151499;0.067526;0.297969;,
-0.006724;0.286297;0.227717;,
0.093850;0.382854;0.454333;,
0.159394;0.286297;0.255501;,
-0.072268;0.382854;0.426549;,
0.151499;0.067526;0.297969;,
0.093850;0.382854;0.454333;,
0.096529;0.220760;0.549438;,
0.159394;0.286297;0.255501;,
0.096529;0.220760;0.549438;,
-0.072268;0.382854;0.426549;,
-0.069589;0.220760;0.521654;,
0.093850;0.382854;0.454333;,
-0.069589;0.220760;0.521654;,
-0.006724;0.286297;0.227717;,
-0.014619;0.067526;0.270185;,
-0.072268;0.382854;0.426549;,
0.123416;-0.243420;-0.219540;,
-0.204581;0.157564;-0.615602;,
0.026216;0.191831;-0.651775;,
-0.096873;-0.277687;-0.216498;,
0.108446;0.046301;-0.231052;,
-0.176051;0.360550;-0.489846;,
-0.052737;0.012034;-0.194879;,
0.033728;0.394817;-0.507029;,
-0.096873;-0.277687;-0.216498;,
-0.176051;0.360550;-0.489846;,
-0.204581;0.157564;-0.615602;,
-0.052737;0.012034;-0.194879;,
-0.204581;0.157564;-0.615602;,
0.033728;0.394817;-0.507029;,
0.026216;0.191831;-0.651775;,
-0.176051;0.360550;-0.489846;,
0.026216;0.191831;-0.651775;,
0.108446;0.046301;-0.231052;,
0.123416;-0.243420;-0.219540;,
0.033728;0.394817;-0.507029;;

334; // 334 faces 
3;0,1,2;,
3;1,0,3;,
3;4,5,6;,
3;5,4,7;,
3;7,8,9;,
3;8,7,4;,
3;10,11,12;,
3;11,10,13;,
3;3,0,14;,
3;15,4,6;,
3;16,17,18;,
3;17,16,19;,
3;20,21,22;,
3;21,20,23;,
3;23,24,25;,
3;24,23,20;,
3;26,27,28;,
3;27,26,29;,
3;28,16,18;,
3;16,28,27;,
3;12,0,2;,
3;0,12,11;,
3;30,22,21;,
3;22,30,31;,
3;32,6,5;,
3;6,32,33;,
3;15,6,33;,
3;2,34,35;,
3;34,2,1;,
3;36,32,5;,
3;32,36,37;,
3;7,36,5;,
3;36,7,38;,
3;39,7,9;,
3;7,39,38;,
3;40,10,12;,
3;10,40,41;,
3;35,12,2;,
3;12,35,40;,
3;35,19,16;,
3;19,35,34;,
3;22,37,36;,
3;37,22,31;,
3;38,22,36;,
3;22,38,20;,
3;24,38,39;,
3;38,24,20;,
3;27,41,40;,
3;41,27,29;,
3;16,40,35;,
3;40,16,27;,
3;42,17,43;,
3;17,42,18;,
3;44,21,45;,
3;21,44,30;,
3;45,23,46;,
3;23,45,21;,
3;46,25,47;,
3;25,46,23;,
3;48,28,49;,
3;28,48,26;,
3;49,18,42;,
3;18,49,28;,
3;15,8,4;,
3;14,11,13;,
3;0,11,14;,
3;50,48,49;,
3;48,50,51;,
3;52,49,42;,
3;49,52,50;,
3;42,53,52;,
3;53,42,43;,
3;54,44,45;,
3;44,54,55;,
3;46,54,45;,
3;54,46,56;,
3;56,47,57;,
3;47,56,46;,
3;58,59,60;,
3;59,58,61;,
3;62,63,64;,
3;63,62,65;,
3;64,66,67;,
3;66,64,63;,
3;68,69,70;,
3;68,71,69;,
3;68,72,71;,
3;59,61,73;,
3;65,74,63;,
3;74,65,75;,
3;72,61,58;,
3;61,72,68;,
3;65,76,75;,
3;65,77,76;,
3;65,62,77;,
3;74,75,76;,
3;58,78,79;,
3;78,58,60;,
3;77,80,81;,
3;80,77,62;,
3;80,64,82;,
3;64,80,62;,
3;64,83,82;,
3;83,64,67;,
3;84,72,85;,
3;72,84,71;,
3;85,58,79;,
3;58,85,72;,
3;86,78,87;,
3;78,86,79;,
3;88,80,89;,
3;80,88,81;,
3;89,82,90;,
3;82,89,80;,
3;90,83,91;,
3;83,90,82;,
3;92,85,93;,
3;85,92,84;,
3;93,79,86;,
3;79,93,85;,
3;74,66,63;,
3;73,70,69;,
3;70,61,68;,
3;61,70,73;,
3;94,95,96;,
3;95,94,97;,
3;98,99,100;,
3;99,98,101;,
3;101,102,103;,
3;102,101,98;,
3;104,105,106;,
3;105,104,107;,
3;97,94,108;,
3;109,98,100;,
3;106,94,96;,
3;94,106,105;,
3;110,100,99;,
3;100,110,111;,
3;109,100,111;,
3;96,112,113;,
3;112,96,95;,
3;110,114,115;,
3;114,110,99;,
3;114,101,116;,
3;101,114,99;,
3;101,117,116;,
3;117,101,103;,
3;118,106,119;,
3;106,118,104;,
3;119,96,113;,
3;96,119,106;,
3;120,112,121;,
3;112,120,113;,
3;122,114,123;,
3;114,122,115;,
3;123,116,124;,
3;116,123,114;,
3;124,117,125;,
3;117,124,116;,
3;126,119,127;,
3;119,126,118;,
3;127,113,120;,
3;113,127,119;,
3;109,102,98;,
3;108,105,107;,
3;94,105,108;,
3;128,126,127;,
3;126,128,129;,
3;130,127,120;,
3;127,130,128;,
3;120,131,130;,
3;131,120,121;,
3;132,122,123;,
3;122,132,133;,
3;124,132,123;,
3;132,124,134;,
3;134,125,135;,
3;125,134,124;,
3;136,137,138;,
3;137,136,139;,
3;140,141,142;,
3;141,140,143;,
3;142,144,145;,
3;144,142,141;,
3;145,146,147;,
3;146,145,144;,
3;137,139,148;,
3;149,141,143;,
3;150,136,138;,
3;136,150,151;,
3;152,142,153;,
3;142,152,140;,
3;145,153,142;,
3;153,145,154;,
3;147,154,145;,
3;154,147,155;,
3;136,156,157;,
3;156,136,151;,
3;157,139,136;,
3;139,157,158;,
3;159,150,138;,
3;150,159,160;,
3;138,161,159;,
3;161,138,137;,
3;148,161,137;,
3;162,150,163;,
3;150,162,151;,
3;163,160,164;,
3;160,163,150;,
3;165,153,166;,
3;153,165,152;,
3;166,154,167;,
3;154,166,153;,
3;167,155,168;,
3;155,167,154;,
3;169,151,162;,
3;151,169,156;,
3;149,144,141;,
3;149,146,144;,
3;139,158,148;,
3;170,167,168;,
3;167,170,171;,
3;172,169,162;,
3;169,172,173;,
3;162,174,172;,
3;174,162,163;,
3;175,163,164;,
3;163,175,174;,
3;166,176,165;,
3;176,166,177;,
3;177,167,171;,
3;167,177,166;,
3;178,179,180;,
3;181,182,183;,
3;184,185,186;,
3;187,188,189;,
3;190,191,192;,
3;193,194,195;,
3;196,197,198;,
3;199,200,201;,
3;202,203,204;,
3;205,206,207;,
3;208,209,210;,
3;211,212,213;,
3;214,215,216;,
3;217,218,219;,
3;220,221,222;,
3;223,224,225;,
3;226,227,228;,
3;229,230,231;,
3;232,233,234;,
3;235,236,237;,
3;238,239,240;,
3;241,242,243;,
3;244,245,246;,
3;247,248,249;,
3;250,251,252;,
3;253,254,255;,
3;256,257,258;,
3;259,260,261;,
3;262,263,264;,
3;265,266,267;,
3;268,269,270;,
3;271,272,273;,
3;274,275,276;,
3;277,278,279;,
3;280,281,282;,
3;283,284,285;,
3;286,287,288;,
3;289,290,291;,
3;292,293,294;,
3;295,296,297;,
3;298,299,300;,
3;301,302,303;,
3;304,305,306;,
3;307,308,309;,
3;310,311,312;,
3;313,314,315;,
3;316,317,318;,
3;319,320,321;,
3;322,323,324;,
3;325,326,327;,
3;328,329,330;,
3;331,332,333;,
3;334,335,336;,
3;337,338,339;,
3;340,341,342;,
3;343,344,345;,
3;341,346,347;,
3;346,341,340;,
3;348,344,349;,
3;344,348,345;,
3;350,349,344;,
3;349,350,351;,
3;352,353,354;,
3;353,352,355;,
3;341,355,352;,
3;355,341,347;,
3;345,356,357;,
3;356,345,348;,
3;343,345,357;,
3;343,350,344;,
3;342,352,354;,
3;341,352,342;,
3;358,359,360;,
3;359,358,361;,
3;362,363,364;,
3;363,362,365;,
3;366,367,368;,
3;367,366,369;,
3;370,371,372;,
3;371,370,373;,
3;374,375,376;,
3;375,374,377;,
3;378,379,380;,
3;379,378,381;,
3;382,383,384;,
3;383,382,385;,
3;386,387,388;,
3;387,386,389;,
3;390,391,392;,
3;391,390,393;,
3;394,395,396;,
3;395,394,397;,
3;398,399,400;,
3;399,398,401;,
3;402,403,404;,
3;403,402,405;,
3;406,407,408;,
3;407,406,409;,
3;410,411,412;,
3;411,410,413;,
3;414,415,416;,
3;415,414,417;;

MeshNormals {
418; // 418 normals 
-0.442145;0.896539;-0.026916;,
-0.542750;0.433037;-0.719654;,
-0.896760;0.437141;-0.068768;,
-0.310185;0.849900;-0.425975;,
0.441967;0.895411;0.053897;,
0.587200;0.489587;-0.644593;,
0.292841;0.878122;-0.378346;,
0.889814;0.450771;0.070966;,
0.275165;0.812995;0.513151;,
0.521453;0.390394;0.758736;,
0.521453;0.390394;0.758736;,
-0.369255;0.819868;0.437570;,
-0.638499;0.392602;0.661954;,
0.275165;0.812995;0.513151;,
0.001594;0.999872;0.015935;,
0.001594;0.999872;0.015935;,
-0.998870;-0.039694;-0.026121;,
-0.604892;-0.038361;-0.795383;,
-0.996823;-0.039591;-0.069119;,
-0.682121;-0.025647;-0.730789;,
0.995214;-0.085857;0.046675;,
0.685843;-0.057508;-0.725474;,
0.659265;-0.000080;-0.751911;,
0.994813;-0.082184;0.059942;,
0.627843;-0.097352;0.772228;,
0.651030;-0.051386;0.757311;,
0.651030;-0.051386;0.757311;,
-0.652578;-0.079975;0.753489;,
-0.724645;-0.085721;0.683770;,
0.627843;-0.097352;0.772228;,
-0.604892;-0.038361;-0.795383;,
-0.682121;-0.025647;-0.730789;,
-0.542750;0.433037;-0.719654;,
-0.310185;0.849900;-0.425975;,
-0.590533;0.085626;-0.802458;,
-0.996920;0.054867;-0.056043;,
0.666340;0.095376;-0.739523;,
-0.590533;0.085626;-0.802458;,
0.994224;0.096892;0.046167;,
0.582162;0.046132;0.811763;,
-0.696333;0.030999;0.717049;,
0.582162;0.046132;0.811763;,
-0.973834;-0.209980;-0.086926;,
-0.600581;-0.245180;-0.761045;,
-0.600581;-0.245180;-0.761045;,
0.679319;-0.202634;-0.705312;,
0.988023;-0.153706;0.013621;,
0.595058;-0.215801;0.774168;,
0.595058;-0.215801;0.774168;,
-0.673780;-0.211769;0.707936;,
-0.731382;-0.275164;0.623991;,
0.555225;-0.372220;0.743759;,
-0.963496;-0.234239;-0.129647;,
-0.527355;-0.331758;-0.782198;,
0.584174;-0.342993;-0.735593;,
-0.527355;-0.331758;-0.782198;,
0.946968;-0.320574;0.022007;,
0.555225;-0.372220;0.743759;,
-0.987423;0.140858;-0.071797;,
-0.470126;0.821780;0.321961;,
-0.438025;0.853137;-0.283357;,
-0.787175;0.407920;0.462556;,
0.529733;0.847893;0.021440;,
0.374744;0.379250;0.846012;,
0.829711;0.132781;0.542171;,
0.219658;0.818917;0.530212;,
-0.051707;-0.041199;0.997812;,
0.206788;-0.562837;0.800283;,
-0.274373;0.432194;0.859027;,
-0.051707;-0.041199;0.997812;,
0.097238;0.841183;0.531937;,
0.206788;-0.562837;0.800283;,
-0.724852;-0.504218;0.469419;,
-0.313708;0.471479;0.824193;,
-0.313708;0.471479;0.824193;,
0.463231;0.784205;-0.412843;,
-0.470126;0.821780;0.321961;,
-0.438025;0.853137;-0.283357;,
-0.324647;0.701770;-0.634132;,
-0.911480;-0.078047;-0.403872;,
0.692532;0.668209;-0.271839;,
-0.324647;0.701770;-0.634132;,
0.960697;-0.057778;0.271519;,
0.368427;-0.836094;0.406458;,
0.368427;-0.836094;0.406458;,
-0.584373;-0.810314;0.043577;,
-0.890467;-0.160099;-0.425955;,
-0.482574;0.629982;-0.608477;,
-0.482574;0.629982;-0.608477;,
0.558759;0.804813;-0.200162;,
0.951083;0.013833;0.308625;,
0.565928;-0.759389;0.321021;,
0.565928;-0.759389;0.321021;,
-0.405600;-0.913474;-0.032459;,
-0.366006;0.763723;0.531758;,
-0.122961;0.956480;-0.264623;,
-0.787925;0.604262;0.118497;,
0.034517;0.977698;0.207158;,
0.775065;0.059545;0.629069;,
0.760129;0.597139;-0.256181;,
0.621897;0.741892;0.250681;,
0.916027;-0.317658;0.244924;,
0.301874;-0.195860;0.933012;,
0.236870;-0.723087;0.648874;,
0.236870;-0.723087;0.648874;,
-0.307994;0.105748;0.945493;,
-0.698891;-0.321307;0.638994;,
0.301874;-0.195860;0.933012;,
0.245928;0.562608;0.789298;,
0.245928;0.562608;0.789298;,
-0.122961;0.956480;-0.264623;,
0.034517;0.977698;0.207158;,
-0.114794;0.927029;-0.356987;,
-0.868719;0.493148;-0.046177;,
0.791571;0.481347;-0.376459;,
-0.114794;0.927029;-0.356987;,
0.831382;-0.551410;0.068927;,
0.159865;-0.918186;0.362460;,
0.159865;-0.918186;0.362460;,
-0.727582;-0.574862;0.374377;,
-0.905124;0.402798;-0.136029;,
-0.128951;0.893618;-0.429906;,
-0.128951;0.893618;-0.429906;,
0.758093;0.420341;-0.498606;,
0.791819;-0.583457;-0.180556;,
0.108689;-0.987461;0.114493;,
0.108689;-0.987461;0.114493;,
-0.735428;-0.665449;0.127764;,
-0.828763;-0.555872;-0.064482;,
-0.035769;-0.998435;-0.042978;,
-0.892025;0.355366;-0.279296;,
-0.088761;0.860818;-0.501114;,
0.706978;0.409602;-0.576548;,
-0.088761;0.860818;-0.501114;,
0.558053;-0.761842;-0.328897;,
-0.035769;-0.998435;-0.042978;,
-0.987968;0.118869;0.098945;,
-0.606732;0.073926;-0.791462;,
-0.655795;-0.458923;-0.599435;,
-0.850608;0.459685;-0.255257;,
0.375773;-0.421445;-0.825336;,
0.639734;0.494705;-0.588223;,
0.928028;0.154996;-0.338734;,
0.180312;0.063284;-0.981572;,
0.382995;0.919415;-0.089393;,
0.602067;0.711900;0.361542;,
-0.425506;0.899967;0.094890;,
-0.405475;0.678890;0.612126;,
-0.179580;0.720986;-0.669276;,
-0.179580;0.720986;-0.669276;,
-0.664568;-0.663579;-0.343530;,
-0.944431;-0.016336;0.328303;,
0.326875;-0.692593;-0.643014;,
0.964617;-0.036197;-0.261158;,
0.677272;0.604946;0.418739;,
-0.351208;0.597852;0.720574;,
-0.351208;0.597852;0.720574;,
-0.405475;0.678890;0.612126;,
-0.425506;0.899967;0.094890;,
0.375773;-0.421445;-0.825336;,
0.326875;-0.692593;-0.643014;,
0.180312;0.063284;-0.981572;,
-0.909966;-0.114407;0.398588;,
-0.555580;-0.825198;-0.101872;,
0.433113;-0.845033;-0.313580;,
0.433113;-0.845033;-0.313580;,
0.990524;-0.123836;-0.059395;,
0.670816;0.585475;0.455220;,
-0.432236;0.553101;0.712216;,
-0.432236;0.553101;0.712216;,
-0.300569;0.598480;0.742617;,
0.782935;0.492352;0.380266;,
-0.841233;-0.092756;0.532658;,
-0.300569;0.598480;0.742617;,
-0.516916;-0.847287;0.122074;,
0.585240;-0.810655;-0.018241;,
0.585240;-0.810655;-0.018241;,
0.984915;-0.107690;0.135443;,
-0.132381;-0.218453;0.966827;,
-0.132381;-0.218453;0.966826;,
-0.132381;-0.218453;0.966826;,
-0.986570;0.127687;-0.101863;,
-0.986570;0.127687;-0.101863;,
-0.986570;0.127687;-0.101863;,
0.114420;0.781612;-0.613181;,
0.114420;0.781612;-0.613181;,
0.114420;0.781612;-0.613181;,
0.979895;-0.188573;-0.065162;,
0.979895;-0.188573;-0.065162;,
0.979895;-0.188573;-0.065162;,
0.417646;0.504624;-0.755597;,
0.417646;0.504624;-0.755597;,
0.417646;0.504624;-0.755597;,
-0.225962;-0.744452;-0.628277;,
-0.225962;-0.744452;-0.628277;,
-0.225962;-0.744452;-0.628277;,
0.187107;-0.064891;-0.980194;,
0.187107;-0.064891;-0.980194;,
0.187107;-0.064891;-0.980194;,
0.977697;0.117504;0.174073;,
0.977697;0.117504;0.174073;,
0.977697;0.117504;0.174073;,
-0.241570;0.970378;-0.003278;,
-0.241570;0.970378;-0.003278;,
-0.241570;0.970378;-0.003278;,
0.673552;0.170074;-0.719307;,
0.673552;0.170074;-0.719307;,
0.673552;0.170074;-0.719307;,
-0.946701;0.159222;0.280010;,
-0.946701;0.159222;0.280010;,
-0.946701;0.159222;0.280010;,
-0.303285;-0.109093;-0.946634;,
-0.303285;-0.109093;-0.946635;,
-0.303285;-0.109093;-0.946634;,
-0.955065;-0.258394;-0.145204;,
-0.955064;-0.258394;-0.145204;,
-0.955064;-0.258394;-0.145204;,
0.192895;-0.190155;-0.962618;,
0.192895;-0.190155;-0.962618;,
0.192895;-0.190155;-0.962618;,
0.480631;-0.643041;-0.596231;,
0.480631;-0.643041;-0.596231;,
0.480631;-0.643041;-0.596231;,
0.879032;0.337541;0.336703;,
0.879032;0.337541;0.336703;,
0.879032;0.337541;0.336703;,
0.139967;-0.548642;-0.824258;,
0.139967;-0.548642;-0.824258;,
0.139967;-0.548642;-0.824258;,
0.607834;0.702545;-0.370093;,
0.607834;0.702545;-0.370093;,
0.607834;0.702545;-0.370093;,
0.315659;-0.852711;0.416225;,
0.315659;-0.852711;0.416225;,
0.315659;-0.852711;0.416225;,
0.923231;0.167464;-0.345832;,
0.923232;0.167464;-0.345832;,
0.923232;0.167464;-0.345832;,
-0.009666;-0.857908;-0.513712;,
-0.009666;-0.857908;-0.513712;,
-0.009666;-0.857908;-0.513712;,
0.573542;0.412033;-0.708010;,
0.573542;0.412033;-0.708010;,
0.573542;0.412033;-0.708010;,
-0.240739;-0.902178;-0.357937;,
-0.240739;-0.902178;-0.357938;,
-0.240739;-0.902178;-0.357937;,
-0.419253;0.424978;-0.802259;,
-0.419253;0.424978;-0.802259;,
-0.419253;0.424978;-0.802259;,
0.405490;0.912418;0.055411;,
0.405490;0.912418;0.055411;,
0.405490;0.912418;0.055411;,
-0.498545;0.175134;0.848988;,
-0.498545;0.175134;0.848988;,
-0.498545;0.175134;0.848988;,
0.372010;0.916560;0.146716;,
0.372010;0.916560;0.146716;,
0.372010;0.916560;0.146716;,
0.528288;-0.334247;0.780506;,
0.528288;-0.334247;0.780506;,
0.528288;-0.334247;0.780506;,
-0.159671;-0.698558;-0.697512;,
-0.159671;-0.698558;-0.697511;,
-0.159671;-0.698558;-0.697511;,
-0.330353;0.700474;-0.632616;,
-0.330353;0.700474;-0.632616;,
-0.330353;0.700475;-0.632616;,
0.407548;-0.669145;-0.621410;,
0.407548;-0.669145;-0.621410;,
0.407548;-0.669145;-0.621410;,
0.303851;0.737813;-0.602749;,
0.303851;0.737813;-0.602749;,
0.303850;0.737813;-0.602749;,
0.714108;-0.329997;0.617374;,
0.714109;-0.329997;0.617374;,
0.714109;-0.329997;0.617374;,
0.692087;0.487371;-0.532434;,
0.692087;0.487370;-0.532434;,
0.692087;0.487371;-0.532434;,
0.266933;-0.377533;0.886688;,
0.266933;-0.377533;0.886688;,
0.266933;-0.377533;0.886688;,
-0.114726;-0.927728;-0.355189;,
-0.114726;-0.927728;-0.355189;,
-0.114726;-0.927728;-0.355189;,
-0.044360;0.938330;-0.342884;,
-0.044360;0.938330;-0.342884;,
-0.044360;0.938330;-0.342884;,
0.185800;0.349369;0.918379;,
0.185800;0.349369;0.918379;,
0.185800;0.349369;0.918379;,
-0.371914;0.266846;0.889085;,
-0.371914;0.266846;0.889085;,
-0.371914;0.266846;0.889086;,
0.814021;0.552228;0.180038;,
0.814021;0.552228;0.180038;,
0.814021;0.552228;0.180038;,
-0.230156;-0.636190;0.736404;,
-0.230156;-0.636190;0.736404;,
-0.230156;-0.636190;0.736404;,
-0.951258;0.307346;-0.025426;,
-0.951258;0.307346;-0.025426;,
-0.951258;0.307346;-0.025426;,
-0.012047;-0.830145;0.557418;,
-0.012047;-0.830145;0.557418;,
-0.012047;-0.830145;0.557418;,
0.349684;0.514855;0.782717;,
0.349684;0.514855;0.782717;,
0.349684;0.514855;0.782717;,
-0.326612;0.936608;-0.126843;,
-0.326612;0.936608;-0.126843;,
-0.326612;0.936608;-0.126843;,
-0.280067;-0.219237;-0.934611;,
-0.280067;-0.219237;-0.934611;,
-0.280067;-0.219237;-0.934611;,
-0.320318;0.391517;-0.862618;,
-0.320318;0.391517;-0.862618;,
-0.320318;0.391517;-0.862618;,
-0.127677;-0.918273;-0.374797;,
-0.127677;-0.918273;-0.374797;,
-0.127677;-0.918273;-0.374797;,
0.152299;0.759441;-0.632498;,
0.152299;0.759441;-0.632498;,
0.152299;0.759441;-0.632498;,
0.540676;-0.596383;-0.593293;,
0.540676;-0.596383;-0.593293;,
0.540676;-0.596383;-0.593293;,
0.404547;0.126672;-0.905702;,
0.404547;0.126672;-0.905702;,
0.404547;0.126672;-0.905702;,
-0.135070;-0.970194;-0.201195;,
-0.135070;-0.970194;-0.201195;,
-0.135070;-0.970194;-0.201195;,
0.475389;0.422673;-0.771591;,
0.475389;0.422673;-0.771591;,
0.475389;0.422673;-0.771591;,
0.428156;-0.875979;-0.222133;,
0.428156;-0.875979;-0.222133;,
0.428156;-0.875979;-0.222133;,
-0.427022;0.567712;-0.703815;,
-0.781857;0.623138;-0.019971;,
0.001104;0.999812;0.019334;,
0.001104;0.999812;0.019334;,
0.780364;0.617761;0.096976;,
0.501599;0.575318;-0.646072;,
-0.489533;0.017103;-0.871817;,
-0.991531;0.003773;-0.129817;,
0.566073;0.036999;-0.823524;,
0.999313;0.030382;-0.021239;,
0.376966;0.550348;0.744993;,
0.512961;-0.037139;0.857608;,
-0.491358;0.560311;0.666798;,
0.512961;-0.037139;0.857608;,
0.376966;0.550348;0.744993;,
-0.636761;-0.050385;0.769414;,
-0.489533;0.017103;-0.871817;,
-0.427022;0.567712;-0.703815;,
-0.084723;-0.884186;0.459388;,
0.022922;-0.911269;0.411173;,
0.068567;-0.918741;0.388862;,
-0.146728;-0.862496;0.484325;,
-0.064644;0.928124;-0.366615;,
-0.064644;0.928124;-0.366615;,
-0.064644;0.928124;-0.366615;,
-0.064644;0.928124;-0.366615;,
0.986407;-0.007994;-0.164127;,
0.988319;-0.018781;-0.151237;,
0.989515;-0.026500;-0.141982;,
0.984808;0.000000;-0.173648;,
0.150838;0.495438;0.855446;,
0.150838;0.495438;0.855446;,
0.150838;0.495438;0.855446;,
0.150838;0.495438;0.855447;,
-0.987241;0.015785;0.158449;,
-0.987402;-0.018125;0.157190;,
-0.987153;-0.031484;0.156644;,
-0.986586;0.036425;0.159126;,
-0.081009;-0.884514;0.459427;,
-0.081009;-0.884514;0.459427;,
-0.081009;-0.884514;0.459427;,
-0.081009;-0.884514;0.459427;,
0.066276;0.924299;-0.375872;,
0.066276;0.924299;-0.375872;,
0.066276;0.924299;-0.375872;,
0.066276;0.924299;-0.375872;,
0.971761;0.063124;0.227366;,
0.976966;0.080934;0.197452;,
0.983260;0.112580;0.143265;,
0.957250;0.026207;0.288072;,
-0.145536;0.545507;0.825373;,
-0.145536;0.545507;0.825373;,
-0.145536;0.545507;0.825373;,
-0.145536;0.545507;0.825373;,
-0.971806;-0.094897;-0.215843;,
-0.975829;-0.060726;-0.209927;,
-0.979789;-0.005972;-0.199944;,
-0.959087;-0.168226;-0.227709;,
0.068038;-0.716434;-0.694329;,
0.015126;-0.739293;-0.673214;,
-0.006293;-0.747749;-0.663952;,
0.091945;-0.705180;-0.703042;,
0.013439;0.688717;0.724906;,
-0.020127;0.671144;0.741054;,
0.031228;0.697560;0.715845;,
-0.036160;0.662342;0.748328;,
-0.923356;0.060787;0.379103;,
-0.957264;0.012568;0.288942;,
-0.972355;-0.016599;0.232917;,
-0.881801;0.105387;0.459697;,
-0.186634;0.602972;-0.775624;,
-0.184748;0.601688;-0.777071;,
-0.210627;0.619002;-0.756619;,
-0.157515;0.582763;-0.797230;,
0.984299;0.076304;-0.159161;,
0.984632;0.055727;-0.165512;,
0.984635;0.047057;-0.168162;,
0.983956;0.086736;-0.155909;;

334; // 334 faces 
3;0,1,2;,
3;1,0,3;,
3;4,5,6;,
3;5,4,7;,
3;7,8,9;,
3;8,7,4;,
3;10,11,12;,
3;11,10,13;,
3;3,0,14;,
3;15,4,6;,
3;16,17,18;,
3;17,16,19;,
3;20,21,22;,
3;21,20,23;,
3;23,24,25;,
3;24,23,20;,
3;26,27,28;,
3;27,26,29;,
3;28,16,18;,
3;16,28,27;,
3;12,0,2;,
3;0,12,11;,
3;30,22,21;,
3;22,30,31;,
3;32,6,5;,
3;6,32,33;,
3;15,6,33;,
3;2,34,35;,
3;34,2,1;,
3;36,32,5;,
3;32,36,37;,
3;7,36,5;,
3;36,7,38;,
3;39,7,9;,
3;7,39,38;,
3;40,10,12;,
3;10,40,41;,
3;35,12,2;,
3;12,35,40;,
3;35,19,16;,
3;19,35,34;,
3;22,37,36;,
3;37,22,31;,
3;38,22,36;,
3;22,38,20;,
3;24,38,39;,
3;38,24,20;,
3;27,41,40;,
3;41,27,29;,
3;16,40,35;,
3;40,16,27;,
3;42,17,43;,
3;17,42,18;,
3;44,21,45;,
3;21,44,30;,
3;45,23,46;,
3;23,45,21;,
3;46,25,47;,
3;25,46,23;,
3;48,28,49;,
3;28,48,26;,
3;49,18,42;,
3;18,49,28;,
3;15,8,4;,
3;14,11,13;,
3;0,11,14;,
3;50,48,49;,
3;48,50,51;,
3;52,49,42;,
3;49,52,50;,
3;42,53,52;,
3;53,42,43;,
3;54,44,45;,
3;44,54,55;,
3;46,54,45;,
3;54,46,56;,
3;56,47,57;,
3;47,56,46;,
3;58,59,60;,
3;59,58,61;,
3;62,63,64;,
3;63,62,65;,
3;64,66,67;,
3;66,64,63;,
3;68,69,70;,
3;68,71,69;,
3;68,72,71;,
3;59,61,73;,
3;65,74,63;,
3;74,65,75;,
3;72,61,58;,
3;61,72,68;,
3;65,76,75;,
3;65,77,76;,
3;65,62,77;,
3;74,75,76;,
3;58,78,79;,
3;78,58,60;,
3;77,80,81;,
3;80,77,62;,
3;80,64,82;,
3;64,80,62;,
3;64,83,82;,
3;83,64,67;,
3;84,72,85;,
3;72,84,71;,
3;85,58,79;,
3;58,85,72;,
3;86,78,87;,
3;78,86,79;,
3;88,80,89;,
3;80,88,81;,
3;89,82,90;,
3;82,89,80;,
3;90,83,91;,
3;83,90,82;,
3;92,85,93;,
3;85,92,84;,
3;93,79,86;,
3;79,93,85;,
3;74,66,63;,
3;73,70,69;,
3;70,61,68;,
3;61,70,73;,
3;94,95,96;,
3;95,94,97;,
3;98,99,100;,
3;99,98,101;,
3;101,102,103;,
3;102,101,98;,
3;104,105,106;,
3;105,104,107;,
3;97,94,108;,
3;109,98,100;,
3;106,94,96;,
3;94,106,105;,
3;110,100,99;,
3;100,110,111;,
3;109,100,111;,
3;96,112,113;,
3;112,96,95;,
3;110,114,115;,
3;114,110,99;,
3;114,101,116;,
3;101,114,99;,
3;101,117,116;,
3;117,101,103;,
3;118,106,119;,
3;106,118,104;,
3;119,96,113;,
3;96,119,106;,
3;120,112,121;,
3;112,120,113;,
3;122,114,123;,
3;114,122,115;,
3;123,116,124;,
3;116,123,114;,
3;124,117,125;,
3;117,124,116;,
3;126,119,127;,
3;119,126,118;,
3;127,113,120;,
3;113,127,119;,
3;109,102,98;,
3;108,105,107;,
3;94,105,108;,
3;128,126,127;,
3;126,128,129;,
3;130,127,120;,
3;127,130,128;,
3;120,131,130;,
3;131,120,121;,
3;132,122,123;,
3;122,132,133;,
3;124,132,123;,
3;132,124,134;,
3;134,125,135;,
3;125,134,124;,
3;136,137,138;,
3;137,136,139;,
3;140,141,142;,
3;141,140,143;,
3;142,144,145;,
3;144,142,141;,
3;145,146,147;,
3;146,145,144;,
3;137,139,148;,
3;149,141,143;,
3;150,136,138;,
3;136,150,151;,
3;152,142,153;,
3;142,152,140;,
3;145,153,142;,
3;153,145,154;,
3;147,154,145;,
3;154,147,155;,
3;136,156,157;,
3;156,136,151;,
3;157,139,136;,
3;139,157,158;,
3;159,150,138;,
3;150,159,160;,
3;138,161,159;,
3;161,138,137;,
3;148,161,137;,
3;162,150,163;,
3;150,162,151;,
3;163,160,164;,
3;160,163,150;,
3;165,153,166;,
3;153,165,152;,
3;166,154,167;,
3;154,166,153;,
3;167,155,168;,
3;155,167,154;,
3;169,151,162;,
3;151,169,156;,
3;149,144,141;,
3;149,146,144;,
3;139,158,148;,
3;170,167,168;,
3;167,170,171;,
3;172,169,162;,
3;169,172,173;,
3;162,174,172;,
3;174,162,163;,
3;175,163,164;,
3;163,175,174;,
3;166,176,165;,
3;176,166,177;,
3;177,167,171;,
3;167,177,166;,
3;178,179,180;,
3;181,182,183;,
3;184,185,186;,
3;187,188,189;,
3;190,191,192;,
3;193,194,195;,
3;196,197,198;,
3;199,200,201;,
3;202,203,204;,
3;205,206,207;,
3;208,209,210;,
3;211,212,213;,
3;214,215,216;,
3;217,218,219;,
3;220,221,222;,
3;223,224,225;,
3;226,227,228;,
3;229,230,231;,
3;232,233,234;,
3;235,236,237;,
3;238,239,240;,
3;241,242,243;,
3;244,245,246;,
3;247,248,249;,
3;250,251,252;,
3;253,254,255;,
3;256,257,258;,
3;259,260,261;,
3;262,263,264;,
3;265,266,267;,
3;268,269,270;,
3;271,272,273;,
3;274,275,276;,
3;277,278,279;,
3;280,281,282;,
3;283,284,285;,
3;286,287,288;,
3;289,290,291;,
3;292,293,294;,
3;295,296,297;,
3;298,299,300;,
3;301,302,303;,
3;304,305,306;,
3;307,308,309;,
3;310,311,312;,
3;313,314,315;,
3;316,317,318;,
3;319,320,321;,
3;322,323,324;,
3;325,326,327;,
3;328,329,330;,
3;331,332,333;,
3;334,335,336;,
3;337,338,339;,
3;340,341,342;,
3;343,344,345;,
3;341,346,347;,
3;346,341,340;,
3;348,344,349;,
3;344,348,345;,
3;350,349,344;,
3;349,350,351;,
3;352,353,354;,
3;353,352,355;,
3;341,355,352;,
3;355,341,347;,
3;345,356,357;,
3;356,345,348;,
3;343,345,357;,
3;343,350,344;,
3;342,352,354;,
3;341,352,342;,
3;358,359,360;,
3;359,358,361;,
3;362,363,364;,
3;363,362,365;,
3;366,367,368;,
3;367,366,369;,
3;370,371,372;,
3;371,370,373;,
3;374,375,376;,
3;375,374,377;,
3;378,379,380;,
3;379,378,381;,
3;382,383,384;,
3;383,382,385;,
3;386,387,388;,
3;387,386,389;,
3;390,391,392;,
3;391,390,393;,
3;394,395,396;,
3;395,394,397;,
3;398,399,400;,
3;399,398,401;,
3;402,403,404;,
3;403,402,405;,
3;406,407,408;,
3;407,406,409;,
3;410,411,412;,
3;411,410,413;,
3;414,415,416;,
3;415,414,417;;
}
MeshMaterialList {
 2; // Number of unique materials
 334; // Number of faces
0,0,0,0,0,0,0,0,0,0,0,0,0,0,0,0,0,0,0,0,0,0,0,0,0,0,0,0,0,0,0,0,0,0,0,0,0,0,0,0,0,0,0,0,0,0,0,0,0,0,0,0,0,0,0,0,0,0,0,0,0,0,0,0,0,0,0,0,0,0,0,0,0,0,0,0,0,0,0,0,0,0,0,0,0,0,0,0,0,0,0,0,0,0,0,0,0,0,0,0,0,0,0,0,0,0,0,0,0,0,0,0,0,0,0,0,0,0,0,0,0,0,0,0,0,0,0,0,0,0,0,0,0,0,0,0,0,0,0,0,0,0,0,0,0,0,0,0,0,0,0,0,0,0,0,0,0,0,0,0,0,0,0,0,0,0,0,0,0,0,0,0,0,0,0,0,0,0,0,0,0,0,0,0,0,0,0,0,0,0,0,0,0,0,0,0,0,0,0,0,0,0,0,0,0,0,0,0,0,0,0,0,0,0,0,0,0,0,0,0,0,0,0,0,0,0,0,0,0,0,0,0,0,0,0,0,0,0,0,0,0,0,0,0,0,0,0,0,0,0,0,0,0,0,0,0,0,0,0,0,0,0,0,0,0,0,0,0,0,0,0,0,0,0,0,0,0,0,0,0,0,0,0,0,0,0,1,1,1,1,1,1,1,1,1,1,1,1,1,1,1,1,1,1,1,1,1,1,1,1,1,1,1,1,1,1,1,1,1,1,1,1,1,1,1,1,1,1,1,1,1,1,1,1;;
Material {
0.588235;0.588235;0.588235;1.000000;;
131000.0;
0.900000;0.900000;0.900000;;
1.000000;0.000000;0.000000;;
TextureFilename {"model/04deco/v5/blockworld/05plants/01tree/Tree01.dds";}
}
Material {
1.000000;1.000000;1.000000;1.000000;;
0.0;
1.000000;1.000000;1.000000;;
0.000000;1.000000;1.000000;;
}
}// materials
MeshTextureCoords {
418; // 418 UV
0.283034;-0.791074;,
0.065990;-0.831156;,
0.230350;-0.730159;,
0.164711;-0.899310;,
0.427092;-0.808651;,
0.221214;-0.718864;,
0.272455;-0.781447;,
0.423048;-0.725017;,
0.556237;-0.910091;,
0.606041;-0.768777;,
0.603376;-0.764277;,
0.383033;-0.804798;,
0.387918;-0.726857;,
0.556045;-0.910886;,
0.389814;-0.976804;,
0.388738;-0.976834;,
0.198367;-0.450239;,
0.013178;-0.305682;,
0.189687;-0.306216;,
0.020879;-0.450239;,
0.421214;-0.450239;,
0.217415;-0.301092;,
0.220610;-0.450239;,
0.432781;-0.292722;,
0.620511;-0.450239;,
0.603465;-0.293560;,
0.600800;-0.282815;,
0.390978;-0.450239;,
0.369554;-0.294261;,
0.617846;-0.450239;,
0.015843;-0.316427;,
0.023544;-0.450239;,
0.065313;-0.835656;,
0.172862;-0.908893;,
0.014466;-0.620260;,
0.211768;-0.602828;,
0.219903;-0.602828;,
0.017131;-0.602828;,
0.419891;-0.602828;,
0.630665;-0.607601;,
0.388562;-0.602828;,
0.628000;-0.602828;,
0.171691;-0.133792;,
0.037568;-0.112864;,
0.040233;-0.123609;,
0.231761;-0.112867;,
0.438814;-0.106635;,
0.592979;-0.107943;,
0.590314;-0.097198;,
0.367535;-0.126943;,
0.360232;-0.033698;,
0.563001;-0.020365;,
0.169635;-0.027591;,
0.070764;-0.013400;,
0.225380;-0.011400;,
0.073429;-0.024145;,
0.426547;-0.015435;,
0.565666;-0.031110;,
0.914089;-0.622301;,
0.979494;-0.666057;,
0.935698;-0.697359;,
0.960416;-0.618602;,
0.897520;-0.631317;,
0.944949;-0.582536;,
0.898034;-0.574745;,
0.939151;-0.623930;,
0.982438;-0.537301;,
0.924405;-0.497789;,
0.953609;-0.578928;,
0.981968;-0.535463;,
0.953258;-0.575168;,
0.923490;-0.496318;,
0.912333;-0.568193;,
1.004456;-0.599151;,
1.004167;-0.601132;,
0.939238;-0.624161;,
0.978414;-0.667883;,
0.934262;-0.698911;,
0.805399;-0.696305;,
0.809148;-0.625166;,
0.762080;-0.631352;,
0.804027;-0.697039;,
0.776460;-0.567655;,
0.803875;-0.498909;,
0.802961;-0.498195;,
0.814790;-0.565452;,
0.682209;-0.635062;,
0.681647;-0.688855;,
0.681639;-0.689613;,
0.682163;-0.639432;,
0.682812;-0.577323;,
0.683494;-0.502293;,
0.683485;-0.503134;,
0.682908;-0.568115;,
-0.076179;-0.430942;,
0.000970;-0.387421;,
-0.070454;-0.374460;,
-0.026238;-0.451003;,
-0.152903;-0.449931;,
-0.109281;-0.401884;,
-0.110384;-0.447614;,
-0.175655;-0.409764;,
-0.205661;-0.473794;,
-0.256682;-0.422676;,
-0.253686;-0.419890;,
-0.133154;-0.438116;,
-0.145823;-0.376199;,
-0.202665;-0.471008;,
-0.122711;-0.482589;,
-0.125707;-0.485375;,
-0.002027;-0.390207;,
-0.029234;-0.453788;,
-0.011968;-0.258236;,
-0.079871;-0.254267;,
-0.118711;-0.298712;,
-0.014964;-0.261022;,
-0.198905;-0.293265;,
-0.283316;-0.289562;,
-0.280320;-0.286776;,
-0.162163;-0.255711;,
-0.080588;-0.169745;,
-0.014627;-0.169662;,
-0.017623;-0.172448;,
-0.115447;-0.207318;,
-0.185037;-0.195055;,
-0.264892;-0.180187;,
-0.261895;-0.177401;,
-0.148672;-0.163616;,
-0.133919;-0.070727;,
-0.185936;-0.055932;,
-0.071640;-0.077636;,
-0.035713;-0.077301;,
-0.076254;-0.084813;,
-0.038710;-0.080087;,
-0.152526;-0.070840;,
-0.188932;-0.058718;,
0.808354;-0.338986;,
0.870035;-0.412179;,
0.881356;-0.343880;,
0.814045;-0.406240;,
0.988977;-0.383314;,
0.881132;-0.423797;,
0.896338;-0.343562;,
0.946900;-0.467437;,
0.821204;-0.410355;,
0.813582;-0.330746;,
0.754203;-0.443541;,
0.716607;-0.339463;,
0.854646;-0.495293;,
0.857168;-0.493970;,
0.893312;-0.213615;,
0.809715;-0.217729;,
0.999100;-0.208747;,
0.905707;-0.214467;,
0.828271;-0.200526;,
0.745018;-0.185718;,
0.739888;-0.212507;,
0.717505;-0.349905;,
0.749872;-0.440028;,
0.980006;-0.360409;,
0.982043;-0.225392;,
0.942220;-0.449422;,
0.814491;-0.128338;,
0.899518;-0.125096;,
0.983721;-0.123519;,
0.982088;-0.095771;,
0.894597;-0.120291;,
0.825069;-0.105971;,
0.744773;-0.100790;,
0.744416;-0.131062;,
0.735585;-0.010666;,
0.813911;-0.016257;,
0.816747;-0.025187;,
0.743292;-0.026648;,
0.896827;-0.021751;,
0.967216;-0.009863;,
0.964567;-0.007634;,
0.887333;-0.021020;,
0.796875;-1.000000;,
1.000000;-0.707031;,
0.640625;-0.707031;,
1.000000;-0.707031;,
0.640625;-0.707031;,
0.796875;-1.000000;,
0.796875;-1.000000;,
1.000000;-0.707031;,
0.640625;-0.707031;,
1.000000;-0.707031;,
0.640625;-0.707031;,
0.796875;-1.000000;,
0.796875;-1.000000;,
1.000000;-0.707031;,
0.640625;-0.707031;,
1.000000;-0.707031;,
0.640625;-0.707031;,
0.796875;-1.000000;,
0.796875;-1.000000;,
1.000000;-0.707031;,
0.640625;-0.707031;,
1.000000;-0.707031;,
0.640625;-0.707031;,
0.796875;-1.000000;,
0.796875;-1.000000;,
1.000000;-0.707031;,
0.640625;-0.707031;,
1.000000;-0.707031;,
0.640625;-0.707031;,
0.796875;-1.000000;,
0.796875;-1.000000;,
1.000000;-0.707031;,
0.640625;-0.707031;,
1.000000;-0.707031;,
0.640625;-0.707031;,
0.796875;-1.000000;,
0.796875;-1.000000;,
1.000000;-0.707031;,
0.640625;-0.707031;,
1.000000;-0.707031;,
0.640625;-0.707031;,
0.796875;-1.000000;,
0.796875;-1.000000;,
1.000000;-0.707031;,
0.640625;-0.707031;,
1.000000;-0.707031;,
0.640625;-0.707031;,
0.796875;-1.000000;,
0.796875;-1.000000;,
1.000000;-0.707031;,
0.640625;-0.707031;,
1.000000;-0.707031;,
0.640625;-0.707031;,
0.796875;-1.000000;,
0.796875;-1.000000;,
1.000000;-0.707031;,
0.640625;-0.707031;,
1.000000;-0.707031;,
0.640625;-0.707031;,
0.796875;-1.000000;,
0.796875;-1.000000;,
1.000000;-0.707031;,
0.640625;-0.707031;,
1.000000;-0.707031;,
0.640625;-0.707031;,
0.796875;-1.000000;,
0.796875;-1.000000;,
1.000000;-0.707031;,
0.640625;-0.707031;,
1.000000;-0.707031;,
0.640625;-0.707031;,
0.796875;-1.000000;,
0.796875;-1.000000;,
1.000000;-0.707031;,
0.640625;-0.707031;,
1.000000;-0.707031;,
0.640625;-0.707031;,
0.796875;-1.000000;,
0.796875;-1.000000;,
1.000000;-0.707031;,
0.640625;-0.707031;,
1.000000;-0.707031;,
0.640625;-0.707031;,
0.796875;-1.000000;,
0.796875;-1.000000;,
1.000000;-0.707031;,
0.640625;-0.707031;,
1.000000;-0.707031;,
0.640625;-0.707031;,
0.796875;-1.000000;,
0.796875;-1.000000;,
1.000000;-0.707031;,
0.640625;-0.707031;,
1.000000;-0.707031;,
0.640625;-0.707031;,
0.796875;-1.000000;,
0.796875;-1.000000;,
1.000000;-0.707031;,
0.640625;-0.707031;,
1.000000;-0.707031;,
0.640625;-0.707031;,
0.796875;-1.000000;,
0.796875;-1.000000;,
1.000000;-0.707031;,
0.640625;-0.707031;,
1.000000;-0.707031;,
0.640625;-0.707031;,
0.796875;-1.000000;,
0.796875;-1.000000;,
1.000000;-0.707031;,
0.640625;-0.707031;,
1.000000;-0.707031;,
0.640625;-0.707031;,
0.796875;-1.000000;,
0.796875;-1.000000;,
1.000000;-0.707031;,
0.640625;-0.707031;,
1.000000;-0.707031;,
0.640625;-0.707031;,
0.796875;-1.000000;,
0.796875;-1.000000;,
1.000000;-0.707031;,
0.640625;-0.707031;,
1.000000;-0.707031;,
0.640625;-0.707031;,
0.796875;-1.000000;,
0.796875;-1.000000;,
1.000000;-0.707031;,
0.640625;-0.707031;,
1.000000;-0.707031;,
0.640625;-0.707031;,
0.796875;-1.000000;,
0.796875;-1.000000;,
1.000000;-0.707031;,
0.640625;-0.707031;,
1.000000;-0.707031;,
0.640625;-0.707031;,
0.796875;-1.000000;,
0.796875;-1.000000;,
1.000000;-0.707031;,
0.640625;-0.707031;,
1.000000;-0.707031;,
0.640625;-0.707031;,
0.796875;-1.000000;,
0.796875;-1.000000;,
1.000000;-0.707031;,
0.640625;-0.707031;,
1.000000;-0.707031;,
0.640625;-0.707031;,
0.796875;-1.000000;,
0.796875;-1.000000;,
1.000000;-0.707031;,
0.640625;-0.707031;,
1.000000;-0.707031;,
0.640625;-0.707031;,
0.796875;-1.000000;,
0.796875;-1.000000;,
1.000000;-0.707031;,
0.640625;-0.707031;,
1.000000;-0.707031;,
0.640625;-0.707031;,
0.796875;-1.000000;,
0.164711;-0.899310;,
0.283034;-0.791074;,
0.389814;-0.976804;,
0.388738;-0.976834;,
0.427092;-0.808651;,
0.272455;-0.781447;,
0.070764;-0.013400;,
0.169635;-0.027591;,
0.225380;-0.011400;,
0.426547;-0.015435;,
0.556237;-0.910091;,
0.565666;-0.031110;,
0.383033;-0.804798;,
0.563001;-0.020365;,
0.556045;-0.910886;,
0.360232;-0.033698;,
0.073429;-0.024145;,
0.172862;-0.908893;,
1.000000;-0.000000;,
0.000000;-1.000000;,
1.000000;-1.000000;,
0.000000;-0.000000;,
0.000000;-0.000000;,
1.000000;-1.000000;,
1.000000;-0.000000;,
0.000000;-1.000000;,
0.000000;-0.000000;,
1.000000;-1.000000;,
1.000000;-0.000000;,
0.000000;-1.000000;,
0.000000;-0.000000;,
1.000000;-1.000000;,
1.000000;-0.000000;,
0.000000;-1.000000;,
0.000000;-0.000000;,
1.000000;-1.000000;,
1.000000;-0.000000;,
0.000000;-1.000000;,
1.000000;-0.000000;,
0.000000;-1.000000;,
1.000000;-1.000000;,
0.000000;-0.000000;,
0.000000;-0.000000;,
1.000000;-1.000000;,
1.000000;-0.000000;,
0.000000;-1.000000;,
0.000000;-0.000000;,
1.000000;-1.000000;,
1.000000;-0.000000;,
0.000000;-1.000000;,
0.000000;-0.000000;,
1.000000;-1.000000;,
1.000000;-0.000000;,
0.000000;-1.000000;,
0.000000;-0.000000;,
1.000000;-1.000000;,
1.000000;-0.000000;,
0.000000;-1.000000;,
1.000000;-0.000000;,
0.000000;-1.000000;,
1.000000;-1.000000;,
0.000000;-0.000000;,
0.000000;-0.000000;,
1.000000;-1.000000;,
1.000000;-0.000000;,
0.000000;-1.000000;,
0.000000;-0.000000;,
1.000000;-1.000000;,
1.000000;-0.000000;,
0.000000;-1.000000;,
0.000000;-0.000000;,
1.000000;-1.000000;,
1.000000;-0.000000;,
0.000000;-1.000000;,
0.000000;-0.000000;,
1.000000;-1.000000;,
1.000000;-0.000000;,
0.000000;-1.000000;;
}// UV
}// mesh
