xof 0303txt 0032
// Exported by ParaEngine X file exporter V0.2
ParaXHeader header{
112,97,114,97;
1,0,0,0;
1;
0;
-0.500000;-0.500000;-0.500000;;
0.500000;0.500000;0.500000;;
3;
}
Mesh mesh_object{
88; // 88 vertices 
-0.500000;-0.500000;-0.500000;,
-0.000000;0.500000;-0.500000;,
-0.000000;-0.002593;-0.500000;,
-0.000000;0.500000;-0.500000;,
-0.500000;0.000000;-0.500000;,
-0.500000;0.500000;-0.500000;,
-0.500000;-0.500000;-0.500000;,
-0.000000;0.500000;-0.500000;,
0.500000;-0.500000;-0.500000;,
-0.000000;-0.002593;-0.500000;,
0.500000;-0.002593;-0.500000;,
-0.000000;-0.002593;-0.500000;,
0.500000;-0.500000;-0.500000;,
-0.500000;-0.500000;-0.500000;,
-0.500000;-0.500000;0.500000;,
0.500000;-0.002593;0.500000;,
-0.500000;-0.000000;0.500000;,
0.500000;-0.002593;0.500000;,
-0.500000;-0.500000;0.500000;,
0.500000;-0.500000;0.500000;,
-0.500000;-0.500000;-0.500000;,
0.500000;-0.500000;0.000000;,
-0.500000;-0.500000;0.000000;,
0.500000;-0.500000;0.000000;,
-0.500000;-0.500000;-0.500000;,
0.500000;-0.500000;-0.500000;,
0.500000;-0.500000;-0.500000;,
0.500000;-0.002593;0.000000;,
0.500000;-0.500000;0.000000;,
0.500000;-0.002593;-0.500000;,
0.500000;-0.002593;-0.500000;,
-0.000000;-0.002593;0.000000;,
0.500000;-0.002593;0.000000;,
0.500000;-0.002593;-0.500000;,
-0.000000;-0.002593;-0.500000;,
-0.500000;-0.500000;0.500000;,
-0.500000;-0.000000;0.000000;,
-0.500000;-0.500000;0.000000;,
-0.500000;-0.000000;0.000000;,
-0.500000;-0.500000;0.500000;,
-0.500000;-0.000000;0.500000;,
-0.000000;0.500000;-0.500000;,
-0.000000;-0.002593;0.000000;,
-0.000000;-0.002593;-0.500000;,
-0.000000;-0.002593;0.000000;,
-0.000000;0.500000;-0.500000;,
-0.000000;0.500000;0.000000;,
-0.500000;0.500000;-0.500000;,
-0.000000;0.500000;0.000000;,
-0.000000;0.500000;-0.500000;,
-0.000000;0.500000;0.000000;,
-0.500000;0.500000;0.000000;,
-0.500000;0.000000;-0.500000;,
-0.500000;0.500000;0.000000;,
-0.500000;0.500000;-0.500000;,
-0.500000;0.500000;0.000000;,
-0.500000;0.000000;-0.500000;,
-0.500000;-0.000000;0.000000;,
-0.500000;-0.500000;0.500000;,
0.500000;-0.500000;0.000000;,
0.500000;-0.500000;0.500000;,
-0.500000;-0.500000;0.500000;,
-0.500000;-0.500000;0.000000;,
0.500000;-0.500000;0.500000;,
0.500000;-0.002593;0.000000;,
0.500000;-0.002593;0.500000;,
0.500000;-0.500000;0.500000;,
0.500000;-0.002593;0.000000;,
-0.000000;-0.002593;0.000000;,
0.500000;-0.002593;0.500000;,
-0.500000;-0.500000;-0.500000;,
-0.500000;-0.000000;0.000000;,
-0.500000;0.000000;-0.500000;,
-0.500000;-0.000000;0.000000;,
-0.500000;-0.500000;-0.500000;,
-0.500000;-0.500000;0.000000;,
-0.500000;0.500000;0.000000;,
-0.000000;-0.002593;0.000000;,
-0.000000;0.500000;0.000000;,
-0.000000;-0.002593;0.000000;,
-0.500000;0.500000;0.000000;,
-0.500000;-0.000000;0.000000;,
-0.000000;-0.002593;0.000000;,
-0.500000;-0.000000;0.500000;,
0.500000;-0.002593;0.500000;,
-0.500000;-0.000000;0.500000;,
-0.000000;-0.002593;0.000000;,
-0.500000;-0.000000;0.000000;;

32; // 32 faces 
3;0,1,2;,
3;3,4,5;,
3;6,4,7;,
3;8,9,10;,
3;11,12,13;,
3;14,15,16;,
3;17,18,19;,
3;20,21,22;,
3;23,24,25;,
3;26,27,28;,
3;27,26,29;,
3;30,31,32;,
3;31,33,34;,
3;35,36,37;,
3;38,39,40;,
3;41,42,43;,
3;44,45,46;,
3;47,48,49;,
3;50,47,51;,
3;52,53,54;,
3;55,56,57;,
3;58,59,60;,
3;21,61,62;,
3;63,64,65;,
3;27,66,28;,
3;67,68,69;,
3;70,71,72;,
3;73,74,75;,
3;76,77,78;,
3;79,80,81;,
3;82,83,84;,
3;85,86,87;;

MeshNormals {
88; // 88 normals 
-0.000000;0.000000;-1.000000;,
-0.000000;0.000000;-1.000000;,
-0.000000;0.000000;-1.000000;,
0.000000;-0.000000;-1.000000;,
0.000000;-0.000000;-1.000000;,
0.000000;-0.000000;-1.000000;,
0.000000;-0.000000;-1.000000;,
0.000000;-0.000000;-1.000000;,
0.000000;0.000000;-1.000000;,
0.000000;0.000000;-1.000000;,
0.000000;0.000000;-1.000000;,
-0.000000;-0.000000;-1.000000;,
-0.000000;-0.000000;-1.000000;,
-0.000000;-0.000000;-1.000000;,
0.000000;0.000000;1.000000;,
0.000000;0.000000;1.000000;,
0.000000;0.000000;1.000000;,
0.000000;0.000000;1.000000;,
0.000000;0.000000;1.000000;,
0.000000;0.000000;1.000000;,
0.000000;-1.000000;-0.000000;,
0.000000;-1.000000;-0.000000;,
0.000000;-1.000000;-0.000000;,
0.000000;-1.000000;-0.000000;,
0.000000;-1.000000;-0.000000;,
0.000000;-1.000000;-0.000000;,
1.000000;0.000000;-0.000000;,
1.000000;0.000000;-0.000000;,
1.000000;0.000000;-0.000000;,
1.000000;0.000000;-0.000000;,
0.000000;1.000000;0.000000;,
0.000000;1.000000;0.000000;,
0.000000;1.000000;0.000000;,
0.000000;1.000000;0.000000;,
0.000000;1.000000;0.000000;,
-1.000000;0.000000;0.000000;,
-1.000000;0.000000;0.000000;,
-1.000000;0.000000;0.000000;,
-1.000000;-0.000000;0.000000;,
-1.000000;-0.000000;0.000000;,
-1.000000;-0.000000;0.000000;,
1.000000;-0.000000;-0.000000;,
1.000000;-0.000000;-0.000000;,
1.000000;-0.000000;-0.000000;,
1.000000;-0.000000;0.000000;,
1.000000;-0.000000;0.000000;,
1.000000;-0.000000;0.000000;,
0.000000;1.000000;0.000000;,
0.000000;1.000000;0.000000;,
0.000000;1.000000;0.000000;,
0.000000;1.000000;0.000000;,
0.000000;1.000000;0.000000;,
-1.000000;0.000000;0.000000;,
-1.000000;0.000000;0.000000;,
-1.000000;0.000000;0.000000;,
-1.000000;0.000000;0.000000;,
-1.000000;0.000000;0.000000;,
-1.000000;0.000000;0.000000;,
-0.000000;-1.000000;-0.000000;,
-0.000000;-1.000000;-0.000000;,
-0.000000;-1.000000;-0.000000;,
0.000000;-1.000000;-0.000000;,
0.000000;-1.000000;-0.000000;,
1.000000;0.000000;-0.000000;,
1.000000;0.000000;-0.000000;,
1.000000;0.000000;-0.000000;,
1.000000;0.000000;-0.000000;,
0.000000;1.000000;0.000000;,
0.000000;1.000000;0.000000;,
0.000000;1.000000;0.000000;,
-1.000000;0.000000;0.000000;,
-1.000000;0.000000;0.000000;,
-1.000000;0.000000;0.000000;,
-1.000000;0.000000;0.000000;,
-1.000000;0.000000;0.000000;,
-1.000000;0.000000;0.000000;,
0.000000;0.000000;1.000000;,
0.000000;0.000000;1.000000;,
0.000000;0.000000;1.000000;,
0.000000;0.000000;1.000000;,
0.000000;0.000000;1.000000;,
0.000000;0.000000;1.000000;,
0.000790;0.999999;-0.000790;,
0.000790;0.999999;-0.000790;,
0.000790;0.999999;-0.000790;,
0.001581;0.999999;-0.000000;,
0.001581;0.999999;-0.000000;,
0.001581;0.999999;-0.000000;;

32; // 32 faces 
3;0,1,2;,
3;3,4,5;,
3;6,4,7;,
3;8,9,10;,
3;11,12,13;,
3;14,15,16;,
3;17,18,19;,
3;20,21,22;,
3;23,24,25;,
3;26,27,28;,
3;27,26,29;,
3;30,31,32;,
3;31,33,34;,
3;35,36,37;,
3;38,39,40;,
3;41,42,43;,
3;44,45,46;,
3;47,48,49;,
3;50,47,51;,
3;52,53,54;,
3;55,56,57;,
3;58,59,60;,
3;21,61,62;,
3;63,64,65;,
3;27,66,28;,
3;67,68,69;,
3;70,71,72;,
3;73,74,75;,
3;76,77,78;,
3;79,80,81;,
3;82,83,84;,
3;85,86,87;;
}
MeshMaterialList {
 1; // Number of unique materials
 32; // Number of faces
0,0,0,0,0,0,0,0,0,0,0,0,0,0,0,0,0,0,0,0,0,0,0,0,0,0,0,0,0,0,0,0;;
Material {
0.588000;0.588000;0.588000;1.000000;;
0.0;
0.900000;0.900000;0.900000;;
1.000000;0.000000;0.000000;;
TextureFilename {"Texture/blocks/sandstone_normal.png";}
}
}// materials
MeshTextureCoords {
88; // 88 UV
0.919748;-0.870985;,
0.500000;-0.031488;,
0.500000;-0.453413;,
0.500000;-0.031488;,
0.919748;-0.451236;,
0.919748;-0.031488;,
0.919748;-0.870985;,
0.500000;-0.031488;,
0.080252;-0.870985;,
0.500000;-0.453413;,
0.080252;-0.453413;,
0.500000;-0.453413;,
0.080252;-0.870985;,
0.919748;-0.870985;,
0.080252;-0.870985;,
0.919748;-0.453413;,
0.080252;-0.451237;,
0.919748;-0.453413;,
0.080252;-0.870985;,
0.919748;-0.870985;,
1.019775;0.165756;,
0.500000;-0.849465;,
0.500000;0.165755;,
0.500000;-0.849465;,
1.019775;0.165756;,
1.019776;-0.849465;,
1.012679;-0.872311;,
0.500000;-0.400372;,
0.500000;-0.872311;,
1.012679;-0.400372;,
1.012679;-0.400372;,
0.500000;0.063534;,
0.500000;-0.400372;,
1.012679;-0.400372;,
1.012679;0.063534;,
0.080252;-0.870985;,
0.500000;-0.451237;,
0.500000;-0.870985;,
0.500000;-0.451237;,
0.080252;-0.870985;,
0.080252;-0.451237;,
0.988266;-0.392149;,
0.500000;-0.822638;,
0.988266;-0.822638;,
0.500000;-0.822638;,
0.988266;-0.392149;,
0.500000;-0.392149;,
0.988266;0.051126;,
0.500000;-0.392149;,
0.988266;-0.392149;,
0.500000;-0.392149;,
0.500000;0.051125;,
0.919748;-0.451237;,
0.500000;-0.031488;,
0.919748;-0.031488;,
0.500000;-0.031488;,
0.919748;-0.451237;,
0.500000;-0.451237;,
-0.019776;0.165755;,
0.500000;-0.849465;,
-0.019775;-0.849465;,
-0.019776;0.165755;,
0.500000;0.165755;,
-0.012679;-0.872311;,
0.500000;-0.400372;,
-0.012679;-0.400372;,
-0.012679;-0.872311;,
0.500000;-0.400372;,
0.500000;0.063534;,
-0.012679;-0.400372;,
0.919748;-0.870985;,
0.500000;-0.451237;,
0.919748;-0.451237;,
0.500000;-0.451237;,
0.919748;-0.870985;,
0.500000;-0.870985;,
0.011734;-0.392149;,
0.500000;-0.822638;,
0.500000;-0.392149;,
0.500000;-0.822638;,
0.011734;-0.392149;,
0.011734;-0.822638;,
0.500000;-0.031488;,
0.080252;-0.451237;,
0.919747;-0.455590;,
0.080252;-0.451237;,
0.500000;-0.031488;,
0.080252;-0.031488;;
}// UV
}// mesh
