xof 0303txt 0032
// Exported by ParaEngine X file exporter V0.2
ParaXHeader header{
112,97,114,97;
1,0,0,0;
1;
0;
-0.077645;-0.500000;-0.500000;;
0.077645;0.500000;0.500000;;
3;
}
Mesh mesh_object{
176; // 176 vertices 
-0.077645;0.000000;0.500000;,
0.077645;-0.500000;0.500000;,
0.077645;0.000000;0.500000;,
-0.077645;-0.500000;0.500000;,
0.077645;-0.500000;-0.500000;,
-0.077645;0.000000;-0.500000;,
0.077645;0.000000;-0.500000;,
-0.077645;-0.500000;-0.500000;,
0.077645;-0.500000;0.500000;,
-0.077645;-0.500000;0.000000;,
0.077645;-0.500000;0.000000;,
-0.077645;-0.500000;0.500000;,
0.077645;-0.409838;0.411849;,
0.077645;-0.500000;0.000000;,
0.077645;-0.409838;0.038461;,
0.077645;-0.500000;0.500000;,
-0.077645;0.500000;0.500000;,
0.077645;0.500000;0.000000;,
-0.077645;0.500000;0.000000;,
0.077645;0.500000;0.500000;,
-0.077645;0.409838;0.411849;,
-0.077645;0.500000;0.000000;,
-0.077645;0.409838;0.038461;,
-0.077645;0.500000;0.500000;,
0.077645;0.037263;-0.411849;,
0.077645;-0.037263;-0.411849;,
0.077645;0.000000;-0.500000;,
-0.077645;-0.037263;-0.411849;,
-0.077645;0.037263;-0.411849;,
-0.077645;0.000000;-0.500000;,
0.077645;0.037263;0.038461;,
0.077645;-0.037263;0.411849;,
0.077645;-0.037263;0.038461;,
0.077645;0.037263;0.411849;,
-0.077645;-0.037263;0.038461;,
-0.077645;0.037263;0.411849;,
-0.077645;0.037263;0.038461;,
-0.077645;-0.037263;0.411849;,
0.077645;-0.409838;-0.411849;,
0.077645;-0.500000;-0.500000;,
0.077645;-0.409838;-0.038461;,
-0.077645;0.409838;-0.411849;,
-0.077645;0.500000;-0.500000;,
-0.077645;0.409838;-0.038461;,
0.077645;0.037263;-0.038461;,
0.077645;0.409838;0.038461;,
0.077645;0.037263;0.038461;,
0.077645;0.409838;-0.038461;,
-0.077645;-0.037263;-0.038461;,
-0.077645;-0.409838;0.038461;,
-0.077645;-0.037263;0.038461;,
-0.077645;-0.409838;-0.038461;,
0.077645;-0.500000;-0.500000;,
-0.077645;-0.500000;-0.500000;,
0.077645;0.037263;-0.411849;,
0.077645;-0.037263;-0.038461;,
0.077645;-0.037263;-0.411849;,
0.077645;0.037263;-0.038461;,
-0.077645;0.500000;-0.500000;,
0.077645;0.500000;-0.500000;,
-0.077645;-0.037263;-0.411849;,
-0.077645;0.037263;-0.038461;,
-0.077645;0.037263;-0.411849;,
-0.077645;-0.037263;-0.038461;,
0.077645;0.500000;0.000000;,
0.077645;0.409838;-0.411849;,
0.077645;0.500000;-0.500000;,
0.077645;0.409838;-0.038461;,
-0.077645;-0.500000;0.000000;,
-0.077645;-0.409838;-0.411849;,
-0.077645;-0.500000;-0.500000;,
-0.077645;-0.409838;-0.038461;,
0.077645;0.409838;0.038461;,
-0.077645;-0.409838;0.038461;,
-0.077645;0.500000;0.500000;,
0.077645;0.500000;0.500000;,
0.077645;0.500000;-0.500000;,
-0.077645;0.500000;-0.500000;,
0.077645;0.000000;0.500000;,
0.077645;0.409838;0.411849;,
0.077645;0.500000;0.500000;,
0.077645;0.037263;0.411849;,
-0.077645;0.000000;0.500000;,
-0.077645;-0.409838;0.411849;,
-0.077645;-0.500000;0.500000;,
-0.077645;-0.037263;0.411849;,
0.077645;-0.409838;-0.411849;,
0.077645;-0.500000;-0.500000;,
-0.077645;0.409838;-0.411849;,
-0.077645;0.500000;-0.500000;,
0.077645;-0.037263;0.411849;,
-0.077645;0.037263;0.411849;,
0.077645;-0.409838;-0.038461;,
0.077645;-0.037263;0.038461;,
0.077645;-0.409838;0.038461;,
0.077645;-0.037263;-0.038461;,
-0.077645;0.409838;-0.038461;,
-0.077645;0.037263;0.038461;,
-0.077645;0.409838;0.038461;,
-0.077645;0.037263;-0.038461;,
-0.077645;0.409838;0.038461;,
0.077645;0.409838;0.411849;,
-0.077645;0.409838;0.411849;,
0.077645;0.409838;0.038461;,
-0.077645;0.409838;-0.411849;,
0.077645;0.409838;-0.038461;,
-0.077645;0.409838;-0.038461;,
0.077645;0.409838;-0.411849;,
-0.077645;0.037263;0.038461;,
0.077645;0.037263;0.411849;,
0.077645;0.037263;0.038461;,
-0.077645;0.037263;0.411849;,
-0.077645;0.037263;-0.411849;,
0.077645;0.037263;-0.038461;,
0.077645;0.037263;-0.411849;,
-0.077645;0.037263;-0.038461;,
-0.077645;-0.037263;0.038461;,
0.077645;-0.037263;0.411849;,
-0.077645;-0.037263;0.411849;,
0.077645;-0.037263;0.038461;,
-0.077645;-0.037263;-0.411849;,
0.077645;-0.037263;-0.038461;,
-0.077645;-0.037263;-0.038461;,
0.077645;-0.037263;-0.411849;,
-0.077645;-0.409838;0.038461;,
0.077645;-0.409838;0.411849;,
0.077645;-0.409838;0.038461;,
-0.077645;-0.409838;0.411849;,
-0.077645;-0.409838;-0.411849;,
0.077645;-0.409838;-0.038461;,
0.077645;-0.409838;-0.411849;,
-0.077645;-0.409838;-0.038461;,
0.077645;-0.037263;-0.411849;,
-0.077645;-0.409838;-0.411849;,
0.077645;-0.409838;-0.411849;,
-0.077645;-0.037263;-0.411849;,
0.077645;0.409838;-0.411849;,
-0.077645;0.037263;-0.411849;,
0.077645;0.037263;-0.411849;,
-0.077645;0.409838;-0.411849;,
0.077645;-0.037263;-0.038461;,
-0.077645;-0.409838;-0.038461;,
-0.077645;-0.037263;-0.038461;,
0.077645;-0.409838;-0.038461;,
0.077645;0.409838;-0.038461;,
-0.077645;0.037263;-0.038461;,
-0.077645;0.409838;-0.038461;,
0.077645;0.037263;-0.038461;,
0.077645;-0.037263;0.038461;,
-0.077645;-0.409838;0.038461;,
0.077645;-0.409838;0.038461;,
-0.077645;-0.037263;0.038461;,
0.077645;0.409838;0.038461;,
-0.077645;0.037263;0.038461;,
0.077645;0.037263;0.038461;,
-0.077645;0.409838;0.038461;,
0.077645;-0.037263;0.411849;,
-0.077645;-0.409838;0.411849;,
-0.077645;-0.037263;0.411849;,
0.077645;-0.409838;0.411849;,
0.077645;0.409838;0.411849;,
-0.077645;0.037263;0.411849;,
-0.077645;0.409838;0.411849;,
0.077645;0.037263;0.411849;,
0.077645;0.409838;-0.411849;,
0.077645;0.500000;-0.500000;,
-0.077645;0.409838;0.411849;,
-0.077645;0.500000;0.500000;,
0.077645;0.409838;0.411849;,
0.077645;0.500000;0.500000;,
0.077645;-0.409838;0.411849;,
0.077645;-0.500000;0.500000;,
-0.077645;-0.409838;0.411849;,
-0.077645;-0.500000;0.500000;,
-0.077645;-0.409838;-0.411849;,
-0.077645;-0.500000;-0.500000;;

108; // 108 faces 
3;0,1,2;,
3;1,0,3;,
3;4,5,6;,
3;5,4,7;,
3;8,9,10;,
3;9,8,11;,
3;12,13,14;,
3;13,12,15;,
3;16,17,18;,
3;17,16,19;,
3;20,21,22;,
3;21,20,23;,
3;24,25,26;,
3;27,28,29;,
3;30,31,32;,
3;31,30,33;,
3;34,35,36;,
3;35,34,37;,
3;38,13,39;,
3;13,38,40;,
3;41,21,42;,
3;21,41,43;,
3;40,14,13;,
3;43,22,21;,
3;44,45,46;,
3;45,44,47;,
3;48,49,50;,
3;49,48,51;,
3;52,9,53;,
3;9,52,10;,
3;54,55,56;,
3;55,54,57;,
3;58,17,59;,
3;17,58,18;,
3;60,61,62;,
3;61,60,63;,
3;64,65,66;,
3;65,64,67;,
3;68,69,70;,
3;69,68,71;,
3;57,32,55;,
3;32,57,30;,
3;63,36,61;,
3;36,63,34;,
3;64,72,67;,
3;68,73,71;,
3;74,2,75;,
3;2,74,0;,
3;76,5,77;,
3;5,76,6;,
3;78,79,80;,
3;79,78,81;,
3;82,83,84;,
3;83,82,85;,
3;26,86,87;,
3;86,26,25;,
3;29,88,89;,
3;88,29,28;,
3;78,90,81;,
3;82,91,85;,
3;92,93,94;,
3;93,92,95;,
3;96,97,98;,
3;97,96,99;,
3;100,101,102;,
3;101,100,103;,
3;104,105,106;,
3;105,104,107;,
3;108,109,110;,
3;109,108,111;,
3;112,113,114;,
3;113,112,115;,
3;116,117,118;,
3;117,116,119;,
3;120,121,122;,
3;121,120,123;,
3;124,125,126;,
3;125,124,127;,
3;128,129,130;,
3;129,128,131;,
3;132,133,134;,
3;133,132,135;,
3;136,137,138;,
3;137,136,139;,
3;140,141,142;,
3;141,140,143;,
3;144,145,146;,
3;145,144,147;,
3;148,149,150;,
3;149,148,151;,
3;152,153,154;,
3;153,152,155;,
3;156,157,158;,
3;157,156,159;,
3;160,161,162;,
3;161,160,163;,
3;26,164,24;,
3;164,26,165;,
3;82,166,91;,
3;166,82,167;,
3;64,168,72;,
3;168,64,169;,
3;78,170,90;,
3;170,78,171;,
3;68,172,73;,
3;172,68,173;,
3;29,174,27;,
3;174,29,175;;

MeshNormals {
176; // 176 normals 
0.000000;0.000000;1.000000;,
0.000000;0.000000;1.000000;,
0.000000;0.000000;1.000000;,
0.000000;0.000000;1.000000;,
0.000000;0.000000;-1.000000;,
0.000000;0.000000;-1.000000;,
0.000000;0.000000;-1.000000;,
0.000000;0.000000;-1.000000;,
0.000000;-1.000000;0.000000;,
0.000000;-1.000000;0.000000;,
0.000000;-1.000000;0.000000;,
0.000000;-1.000000;0.000000;,
1.000000;0.000000;0.000000;,
1.000000;0.000000;0.000000;,
1.000000;0.000000;0.000000;,
1.000000;0.000000;0.000000;,
0.000000;1.000000;0.000000;,
0.000000;1.000000;0.000000;,
0.000000;1.000000;0.000000;,
0.000000;1.000000;0.000000;,
-1.000000;0.000000;0.000000;,
-1.000000;0.000000;0.000000;,
-1.000000;0.000000;0.000000;,
-1.000000;0.000000;0.000000;,
1.000000;0.000000;0.000000;,
1.000000;0.000000;0.000000;,
1.000000;0.000000;0.000000;,
-1.000000;0.000000;0.000000;,
-1.000000;0.000000;0.000000;,
-1.000000;0.000000;0.000000;,
1.000000;0.000000;0.000000;,
1.000000;0.000000;0.000000;,
1.000000;0.000000;0.000000;,
1.000000;0.000000;0.000000;,
-1.000000;0.000000;0.000000;,
-1.000000;0.000000;0.000000;,
-1.000000;0.000000;0.000000;,
-1.000000;0.000000;0.000000;,
1.000000;0.000000;0.000000;,
1.000000;0.000000;0.000000;,
1.000000;0.000000;0.000000;,
-1.000000;0.000000;0.000000;,
-1.000000;0.000000;0.000000;,
-1.000000;0.000000;0.000000;,
1.000000;0.000000;0.000000;,
1.000000;0.000000;0.000000;,
1.000000;0.000000;0.000000;,
1.000000;0.000000;0.000000;,
-1.000000;0.000000;0.000000;,
-1.000000;0.000000;0.000000;,
-1.000000;0.000000;0.000000;,
-1.000000;0.000000;0.000000;,
0.000000;-1.000000;0.000000;,
0.000000;-1.000000;0.000000;,
1.000000;0.000000;0.000000;,
1.000000;0.000000;0.000000;,
1.000000;0.000000;0.000000;,
1.000000;0.000000;0.000000;,
0.000000;1.000000;0.000000;,
0.000000;1.000000;0.000000;,
-1.000000;0.000000;0.000000;,
-1.000000;0.000000;0.000000;,
-1.000000;0.000000;0.000000;,
-1.000000;0.000000;0.000000;,
1.000000;0.000000;0.000000;,
1.000000;0.000000;0.000000;,
1.000000;0.000000;0.000000;,
1.000000;0.000000;0.000000;,
-1.000000;0.000000;0.000000;,
-1.000000;0.000000;0.000000;,
-1.000000;0.000000;0.000000;,
-1.000000;0.000000;0.000000;,
1.000000;0.000000;0.000000;,
-1.000000;0.000000;0.000000;,
0.000000;-0.000000;1.000000;,
0.000000;-0.000000;1.000000;,
0.000000;-0.000000;-1.000000;,
0.000000;-0.000000;-1.000000;,
1.000000;0.000000;0.000000;,
1.000000;0.000000;0.000000;,
1.000000;0.000000;0.000000;,
1.000000;0.000000;0.000000;,
-1.000000;0.000000;0.000000;,
-1.000000;0.000000;0.000000;,
-1.000000;0.000000;0.000000;,
-1.000000;0.000000;0.000000;,
1.000000;0.000000;0.000000;,
1.000000;0.000000;0.000000;,
-1.000000;0.000000;0.000000;,
-1.000000;0.000000;0.000000;,
1.000000;0.000000;0.000000;,
-1.000000;0.000000;0.000000;,
1.000000;0.000000;0.000000;,
1.000000;0.000000;0.000000;,
1.000000;0.000000;0.000000;,
1.000000;0.000000;0.000000;,
-1.000000;0.000000;0.000000;,
-1.000000;0.000000;0.000000;,
-1.000000;0.000000;0.000000;,
-1.000000;0.000000;0.000000;,
0.000000;-1.000000;0.000000;,
0.000000;-1.000000;0.000000;,
0.000000;-1.000000;0.000000;,
0.000000;-1.000000;0.000000;,
0.000000;-1.000000;0.000000;,
0.000000;-1.000000;0.000000;,
0.000000;-1.000000;0.000000;,
0.000000;-1.000000;0.000000;,
0.000000;1.000000;0.000000;,
0.000000;1.000000;0.000000;,
0.000000;1.000000;0.000000;,
0.000000;1.000000;0.000000;,
0.000000;1.000000;0.000000;,
0.000000;1.000000;0.000000;,
0.000000;1.000000;0.000000;,
0.000000;1.000000;0.000000;,
0.000000;-1.000000;0.000000;,
0.000000;-1.000000;0.000000;,
0.000000;-1.000000;0.000000;,
0.000000;-1.000000;0.000000;,
0.000000;-1.000000;0.000000;,
0.000000;-1.000000;0.000000;,
0.000000;-1.000000;0.000000;,
0.000000;-1.000000;0.000000;,
-0.000000;1.000000;-0.000000;,
-0.000000;1.000000;-0.000000;,
0.000000;1.000000;-0.000000;,
-0.000000;1.000000;0.000000;,
0.000000;1.000000;0.000000;,
0.000000;1.000000;0.000000;,
0.000000;1.000000;0.000000;,
0.000000;1.000000;0.000000;,
0.000000;-0.000000;1.000000;,
0.000000;-0.000000;1.000000;,
0.000000;-0.000000;1.000000;,
0.000000;-0.000000;1.000000;,
0.000000;0.000000;1.000000;,
0.000000;0.000000;1.000000;,
0.000000;0.000000;1.000000;,
0.000000;0.000000;1.000000;,
0.000000;0.000000;-1.000000;,
0.000000;0.000000;-1.000000;,
0.000000;0.000000;-1.000000;,
0.000000;0.000000;-1.000000;,
0.000000;0.000000;-1.000000;,
0.000000;0.000000;-1.000000;,
0.000000;0.000000;-1.000000;,
0.000000;0.000000;-1.000000;,
0.000000;0.000000;1.000000;,
0.000000;0.000000;1.000000;,
0.000000;0.000000;1.000000;,
0.000000;0.000000;1.000000;,
0.000000;0.000000;1.000000;,
0.000000;0.000000;1.000000;,
0.000000;0.000000;1.000000;,
0.000000;0.000000;1.000000;,
0.000000;-0.000000;-1.000000;,
0.000000;-0.000000;-1.000000;,
0.000000;-0.000000;-1.000000;,
0.000000;-0.000000;-1.000000;,
0.000000;0.000000;-1.000000;,
0.000000;0.000000;-1.000000;,
0.000000;0.000000;-1.000000;,
0.000000;0.000000;-1.000000;,
1.000000;0.000000;0.000000;,
1.000000;0.000000;0.000000;,
-1.000000;0.000000;0.000000;,
-1.000000;0.000000;0.000000;,
1.000000;0.000000;0.000000;,
1.000000;0.000000;0.000000;,
1.000000;0.000000;0.000000;,
1.000000;0.000000;0.000000;,
-1.000000;0.000000;0.000000;,
-1.000000;0.000000;0.000000;,
-1.000000;0.000000;0.000000;,
-1.000000;0.000000;0.000000;;

108; // 108 faces 
3;0,1,2;,
3;1,0,3;,
3;4,5,6;,
3;5,4,7;,
3;8,9,10;,
3;9,8,11;,
3;12,13,14;,
3;13,12,15;,
3;16,17,18;,
3;17,16,19;,
3;20,21,22;,
3;21,20,23;,
3;24,25,26;,
3;27,28,29;,
3;30,31,32;,
3;31,30,33;,
3;34,35,36;,
3;35,34,37;,
3;38,13,39;,
3;13,38,40;,
3;41,21,42;,
3;21,41,43;,
3;40,14,13;,
3;43,22,21;,
3;44,45,46;,
3;45,44,47;,
3;48,49,50;,
3;49,48,51;,
3;52,9,53;,
3;9,52,10;,
3;54,55,56;,
3;55,54,57;,
3;58,17,59;,
3;17,58,18;,
3;60,61,62;,
3;61,60,63;,
3;64,65,66;,
3;65,64,67;,
3;68,69,70;,
3;69,68,71;,
3;57,32,55;,
3;32,57,30;,
3;63,36,61;,
3;36,63,34;,
3;64,72,67;,
3;68,73,71;,
3;74,2,75;,
3;2,74,0;,
3;76,5,77;,
3;5,76,6;,
3;78,79,80;,
3;79,78,81;,
3;82,83,84;,
3;83,82,85;,
3;26,86,87;,
3;86,26,25;,
3;29,88,89;,
3;88,29,28;,
3;78,90,81;,
3;82,91,85;,
3;92,93,94;,
3;93,92,95;,
3;96,97,98;,
3;97,96,99;,
3;100,101,102;,
3;101,100,103;,
3;104,105,106;,
3;105,104,107;,
3;108,109,110;,
3;109,108,111;,
3;112,113,114;,
3;113,112,115;,
3;116,117,118;,
3;117,116,119;,
3;120,121,122;,
3;121,120,123;,
3;124,125,126;,
3;125,124,127;,
3;128,129,130;,
3;129,128,131;,
3;132,133,134;,
3;133,132,135;,
3;136,137,138;,
3;137,136,139;,
3;140,141,142;,
3;141,140,143;,
3;144,145,146;,
3;145,144,147;,
3;148,149,150;,
3;149,148,151;,
3;152,153,154;,
3;153,152,155;,
3;156,157,158;,
3;157,156,159;,
3;160,161,162;,
3;161,160,163;,
3;26,164,24;,
3;164,26,165;,
3;82,166,91;,
3;166,82,167;,
3;64,168,72;,
3;168,64,169;,
3;78,170,90;,
3;170,78,171;,
3;68,172,73;,
3;172,68,173;,
3;29,174,27;,
3;174,29,175;;
}
MeshMaterialList {
 1; // Number of unique materials
 108; // Number of faces
0,0,0,0,0,0,0,0,0,0,0,0,0,0,0,0,0,0,0,0,0,0,0,0,0,0,0,0,0,0,0,0,0,0,0,0,0,0,0,0,0,0,0,0,0,0,0,0,0,0,0,0,0,0,0,0,0,0,0,0,0,0,0,0,0,0,0,0,0,0,0,0,0,0,0,0,0,0,0,0,0,0,0,0,0,0,0,0,0,0,0,0,0,0,0,0,0,0,0,0,0,0,0,0,0,0,0,0;;
Material {
0.588000;0.588000;0.588000;1.000000;;
0.0;
0.900000;0.900000;0.900000;;
1.000000;0.000000;0.000000;;
TextureFilename {"Texture/blocks/door_iron_lower.png;2";}
}
}// materials
MeshTextureCoords {
176; // 176 UV
0.507724;-0.803698;,
0.708329;-0.687335;,
0.507724;-0.687335;,
0.708329;-0.803698;,
0.708329;-0.803698;,
0.507724;-0.687335;,
0.507724;-0.803698;,
0.708329;-0.687335;,
0.309484;-0.687335;,
0.507724;-0.803698;,
0.507724;-0.687335;,
0.309484;-0.803698;,
0.883860;-0.127041;,
0.457077;-0.027744;,
0.494418;-0.127041;,
0.969443;-0.027744;,
0.309484;-0.687335;,
0.507724;-0.803698;,
0.507724;-0.687335;,
0.309484;-0.803698;,
0.885788;-0.123004;,
0.459005;-0.025214;,
0.496346;-0.123004;,
0.971371;-0.025214;,
0.533891;-0.122170;,
0.463180;-0.122170;,
0.498535;-0.034138;,
0.463180;-0.122170;,
0.533891;-0.122170;,
0.498535;-0.041483;,
0.500219;-0.981653;,
0.098205;-0.910942;,
0.500219;-0.910941;,
0.098205;-0.981653;,
0.500219;-0.910941;,
0.098205;-0.981653;,
0.500219;-0.981653;,
0.098205;-0.910942;,
0.101292;-0.127041;,
0.020606;-0.027744;,
0.419736;-0.127041;,
0.103219;-0.123004;,
0.022533;-0.025214;,
0.421663;-0.123004;,
0.534408;-0.910670;,
0.907171;-0.985352;,
0.534408;-0.985352;,
0.907171;-0.910670;,
0.467698;-0.910670;,
0.099554;-0.985352;,
0.467698;-0.985352;,
0.099554;-0.910670;,
0.708329;-0.687335;,
0.708329;-0.803698;,
0.901278;-0.981653;,
0.580128;-0.910941;,
0.901278;-0.910941;,
0.580128;-0.981653;,
0.708329;-0.687335;,
0.708329;-0.803698;,
0.901278;-0.910941;,
0.580128;-0.981653;,
0.901278;-0.981653;,
0.580128;-0.910941;,
0.457077;-0.029109;,
0.101292;-0.125957;,
0.020606;-0.029109;,
0.419736;-0.125957;,
0.459005;-0.027444;,
0.103219;-0.127681;,
0.022533;-0.027443;,
0.421663;-0.127682;,
0.494418;-0.125957;,
0.496346;-0.127682;,
0.309484;-0.803698;,
0.309484;-0.687335;,
0.309484;-0.803698;,
0.309484;-0.687335;,
0.498535;-0.030741;,
0.929021;-0.123669;,
0.990087;-0.030741;,
0.533891;-0.123669;,
0.498535;-0.036372;,
0.072947;-0.121955;,
0.009432;-0.036372;,
0.463180;-0.121955;,
0.072947;-0.122170;,
0.009432;-0.034138;,
0.929021;-0.122170;,
0.990087;-0.041483;,
0.463180;-0.123669;,
0.533891;-0.121955;,
0.099554;-0.910670;,
0.467698;-0.985352;,
0.099554;-0.985352;,
0.467698;-0.910670;,
0.907171;-0.910670;,
0.534408;-0.985352;,
0.907171;-0.985352;,
0.534408;-0.910670;,
0.493839;-0.803698;,
0.359047;-0.687335;,
0.359047;-0.803698;,
0.493839;-0.687335;,
0.664680;-0.803698;,
0.521608;-0.687335;,
0.521608;-0.803698;,
0.664680;-0.687335;,
0.493839;-0.687335;,
0.359047;-0.803698;,
0.493839;-0.803698;,
0.359047;-0.687335;,
0.664680;-0.687335;,
0.521608;-0.803698;,
0.664680;-0.803698;,
0.521608;-0.687335;,
0.493839;-0.803698;,
0.359047;-0.687335;,
0.359047;-0.803698;,
0.493839;-0.687335;,
0.664680;-0.803698;,
0.521608;-0.687335;,
0.521608;-0.803698;,
0.664680;-0.687335;,
0.493839;-0.687335;,
0.359047;-0.803698;,
0.493839;-0.803698;,
0.359047;-0.687335;,
0.664680;-0.687335;,
0.521608;-0.803698;,
0.664680;-0.803698;,
0.521608;-0.687335;,
0.521176;-0.687335;,
0.663954;-0.803698;,
0.663954;-0.687335;,
0.521176;-0.803698;,
0.359773;-0.687335;,
0.494272;-0.803698;,
0.494272;-0.687335;,
0.359773;-0.803698;,
0.521176;-0.803698;,
0.663954;-0.687335;,
0.521176;-0.687335;,
0.663954;-0.803698;,
0.359773;-0.803698;,
0.494272;-0.687335;,
0.359773;-0.687335;,
0.494272;-0.803698;,
0.521176;-0.687335;,
0.663954;-0.803698;,
0.663954;-0.687335;,
0.521176;-0.803698;,
0.359773;-0.687335;,
0.494272;-0.803698;,
0.494272;-0.687335;,
0.359773;-0.803698;,
0.521176;-0.803698;,
0.663954;-0.687335;,
0.521176;-0.687335;,
0.663954;-0.803698;,
0.359773;-0.803698;,
0.494272;-0.687335;,
0.359773;-0.687335;,
0.494272;-0.803698;,
0.929021;-0.122170;,
0.990087;-0.034138;,
0.929021;-0.121955;,
0.990087;-0.036372;,
0.883860;-0.125957;,
0.969443;-0.029109;,
0.072947;-0.123669;,
0.009432;-0.030741;,
0.885788;-0.127682;,
0.971371;-0.027444;,
0.072947;-0.122170;,
0.009432;-0.041483;;
}// UV
}// mesh
