xof 0303txt 0032
// Exported by ParaEngine X file exporter V0.2
ParaXHeader header{
112,97,114,97;
1,0,0,0;
1;
0;
-0.050000;-0.500000;-0.050000;;
0.050000;-0.400000;0.050000;;
3;
}
Mesh mesh_object{
110; // 110 vertices 
0.000000;-0.062133;-0.052429;,
-0.008787;-0.260301;-0.006288;,
-0.010893;-0.058255;-0.042266;,
0.000000;-0.261327;-0.015003;,
-0.010893;-0.058255;-0.042266;,
0.000000;-0.259274;0.002438;,
0.000000;-0.054371;-0.032088;,
-0.008787;-0.260301;-0.006288;,
0.010893;-0.058255;-0.042266;,
0.008787;-0.260301;-0.006288;,
0.008787;-0.260301;-0.006288;,
0.010893;-0.058255;-0.042266;,
0.000000;0.107212;-0.118207;,
-0.011980;0.111476;-0.107030;,
-0.005956;-0.482242;-0.000011;,
-0.000000;-0.482242;-0.005959;,
-0.011980;0.111476;-0.107030;,
0.000000;0.115747;-0.095837;,
-0.000000;-0.482242;0.005946;,
-0.005956;-0.482242;-0.000011;,
0.011980;0.111476;-0.107030;,
0.005956;-0.482242;-0.000011;,
0.011980;0.111476;-0.107030;,
0.005956;-0.482242;-0.000011;,
0.000000;0.223450;-0.172171;,
-0.034207;0.159389;-0.203265;,
-0.068415;0.189388;-0.152172;,
0.034207;0.159389;-0.203266;,
0.068415;0.189388;-0.152172;,
0.034207;0.219386;-0.101079;,
-0.034207;0.219386;-0.101079;,
-0.022371;0.099961;-0.144599;,
-0.068415;0.189388;-0.152172;,
-0.034207;0.159389;-0.203265;,
-0.044741;0.119580;-0.111186;,
0.022371;0.099961;-0.144599;,
0.034207;0.159389;-0.203266;,
0.044741;0.119580;-0.111186;,
0.068415;0.189388;-0.152172;,
0.022371;0.139198;-0.077772;,
0.034207;0.219386;-0.101079;,
-0.022371;0.139198;-0.077772;,
-0.034207;0.219386;-0.101079;,
0.000000;0.097304;-0.098107;,
0.143661;0.288565;-0.055795;,
-0.142336;0.188220;-0.144156;,
-0.141924;0.288621;-0.055139;,
0.143250;0.188164;-0.144811;,
0.165834;0.140297;-0.292552;,
0.036256;0.253580;-0.027544;,
0.165834;0.284790;-0.053786;,
0.036256;0.109087;-0.266309;,
-0.039168;0.253324;-0.027466;,
-0.166851;0.140282;-0.292548;,
-0.166851;0.284774;-0.053782;,
-0.039168;0.108831;-0.266232;,
-0.141239;0.179210;-0.159213;,
0.143661;0.139535;-0.300691;,
-0.141923;0.139740;-0.299808;,
0.144345;0.179004;-0.160096;,
0.047594;-0.305806;0.097183;,
0.206445;-0.237892;-0.084324;,
0.069615;-0.318894;-0.094512;,
0.184424;-0.224804;0.107371;,
-0.020020;-0.489424;0.086995;,
0.005597;-0.489424;-0.104700;,
-0.103597;-0.304755;-0.106700;,
-0.244214;-0.229824;0.086699;,
-0.103597;-0.304755;0.086699;,
-0.244214;-0.229824;-0.106700;,
0.009880;-0.489424;-0.106700;,
0.009880;-0.489424;0.086699;,
-0.128594;-0.335991;0.116042;,
0.111548;-0.230307;0.296547;,
0.113448;-0.294778;0.104595;,
-0.130493;-0.271520;0.307994;,
-0.126694;-0.493908;-0.015025;,
0.035843;-0.454132;-0.040497;,
0.064057;-0.386976;-0.133093;,
-0.142856;-0.300054;-0.244548;,
-0.122325;-0.351838;-0.095269;,
0.043525;-0.335192;-0.282372;,
0.084589;-0.480556;-0.005462;,
-0.101793;-0.460497;0.042108;,
-0.031106;-0.346465;-0.223151;,
-0.328555;-0.403079;-0.124470;,
-0.155095;-0.408228;-0.020111;,
-0.204566;-0.341315;-0.327510;,
0.108400;-0.493908;-0.138161;,
-0.014246;-0.472369;0.072055;,
0.134421;-0.360335;0.142246;,
0.323295;-0.205964;-0.062486;,
0.151766;-0.307823;-0.097243;,
0.305950;-0.258475;0.177003;,
-0.007558;-0.506731;0.123869;,
0.003201;-0.472369;-0.119271;,
-0.195057;-0.384865;-0.064792;,
-0.224377;-0.230494;0.212208;,
-0.066013;-0.332353;0.137702;,
-0.353421;-0.283005;0.009715;,
-0.070179;-0.518438;-0.134800;,
0.066328;-0.484077;0.066691;,
0.295412;0.077306;-0.247947;,
0.295412;0.221799;-0.009181;,
-0.294534;0.222024;-0.009251;,
-0.294534;0.077531;-0.248016;,
0.144073;0.295733;0.096292;,
-0.141513;0.295789;0.096948;,
-0.142607;0.007038;-0.377332;,
0.142977;0.006833;-0.378215;;

92; // 92 faces 
3;0,1,2;,
3;1,0,3;,
3;4,5,6;,
3;5,4,7;,
3;8,3,0;,
3;3,8,9;,
3;6,10,11;,
3;10,6,5;,
3;12,2,13;,
3;2,12,0;,
3;14,3,15;,
3;3,14,1;,
3;16,6,17;,
3;6,16,4;,
3;18,7,19;,
3;7,18,5;,
3;20,0,12;,
3;0,20,8;,
3;15,9,21;,
3;9,15,3;,
3;17,11,22;,
3;11,17,6;,
3;23,5,18;,
3;5,23,10;,
3;24,25,26;,
3;24,27,25;,
3;24,28,27;,
3;24,29,28;,
3;24,30,29;,
3;24,26,30;,
3;31,32,33;,
3;32,31,34;,
3;35,33,36;,
3;33,35,31;,
3;37,36,38;,
3;36,37,35;,
3;39,38,40;,
3;38,39,37;,
3;41,40,42;,
3;40,41,39;,
3;34,42,32;,
3;42,34,41;,
3;43,34,31;,
3;43,31,35;,
3;43,35,37;,
3;43,37,39;,
3;43,39,41;,
3;43,41,34;,
3;44,45,46;,
3;45,44,47;,
3;48,49,50;,
3;49,48,51;,
3;52,53,54;,
3;53,52,55;,
3;56,57,58;,
3;57,56,59;,
3;60,61,62;,
3;61,60,63;,
3;64,62,65;,
3;62,64,60;,
3;66,67,68;,
3;67,66,69;,
3;70,68,71;,
3;68,70,66;,
3;72,73,74;,
3;73,72,75;,
3;76,74,77;,
3;74,76,72;,
3;78,79,80;,
3;79,78,81;,
3;82,80,83;,
3;80,82,78;,
3;84,85,86;,
3;85,84,87;,
3;88,86,89;,
3;86,88,84;,
3;90,91,92;,
3;91,90,93;,
3;94,92,95;,
3;92,94,90;,
3;96,97,98;,
3;97,96,99;,
3;100,98,101;,
3;98,100,96;,
3;102,50,103;,
3;50,102,48;,
3;104,53,105;,
3;53,104,54;,
3;106,46,107;,
3;46,106,44;,
3;108,57,109;,
3;57,108,58;;

MeshNormals {
110; // 110 normals 
-0.000087;-0.387213;-0.921990;,
-0.704046;-0.113723;-0.700989;,
-0.691380;-0.271087;-0.669706;,
-0.000143;-0.166264;-0.986081;,
-0.692390;0.265586;0.670865;,
0.000158;0.128292;0.991736;,
0.000130;0.354796;0.934944;,
-0.705351;0.095197;0.702436;,
0.691540;-0.270779;-0.669665;,
0.704217;-0.113981;-0.700776;,
0.705100;0.095662;0.702626;,
0.692239;0.265296;0.671135;,
0.000000;-0.490886;-0.871224;,
-0.682323;-0.358862;-0.636909;,
-0.705959;-0.041989;-0.707007;,
-0.000028;-0.059337;-0.998238;,
-0.684225;0.348285;0.640729;,
0.000000;0.477579;0.878589;,
0.000064;0.022674;0.999743;,
-0.707017;0.015928;0.707017;,
0.682323;-0.358862;-0.636909;,
0.705995;-0.042067;-0.706966;,
0.684225;0.348285;0.640729;,
0.706926;0.016127;0.707104;,
-0.000000;0.898825;-0.438308;,
-0.466778;-0.130757;-0.874655;,
-0.948840;0.269616;-0.164346;,
0.466778;-0.130757;-0.874655;,
0.948840;0.269616;-0.164346;,
0.463754;0.705687;0.535665;,
-0.463754;0.705687;0.535666;,
-0.354263;-0.896001;-0.267731;,
-0.948840;0.269616;-0.164346;,
-0.466778;-0.130757;-0.874655;,
-0.780049;-0.550674;0.297122;,
0.354263;-0.896001;-0.267731;,
0.466778;-0.130757;-0.874655;,
0.780049;-0.550674;0.297121;,
0.948840;0.269616;-0.164346;,
0.397080;-0.163279;0.903143;,
0.463754;0.705687;0.535665;,
-0.397080;-0.163279;0.903143;,
-0.463754;0.705687;0.535666;,
-0.000000;-0.898825;0.438308;,
-0.000652;0.940579;-0.339574;,
-0.001303;0.789443;-0.613822;,
-0.000653;0.940428;-0.339993;,
-0.001303;0.789443;-0.613822;,
0.088257;0.919305;-0.383523;,
-0.225277;0.899182;-0.375128;,
0.099255;0.918349;-0.383124;,
-0.225277;0.899183;-0.375128;,
0.229757;0.898217;-0.374725;,
-0.087947;0.919330;-0.383533;,
-0.099216;0.918352;-0.383125;,
0.229757;0.898217;-0.374725;,
-0.000100;0.981783;-0.190005;,
-0.001132;0.863351;-0.504602;,
-0.001135;0.862789;-0.505563;,
-0.000100;0.981783;-0.190005;,
-0.656309;0.746353;-0.110525;,
-0.370942;0.924653;-0.086136;,
-0.661526;0.741979;-0.108858;,
-0.370942;0.924653;-0.086136;,
-0.870043;0.478158;-0.119964;,
-0.868042;0.482749;-0.116002;,
0.562504;0.826795;0.000000;,
0.344821;0.938668;0.000000;,
0.562504;0.826795;0.000000;,
0.344821;0.938668;0.000000;,
0.746492;0.665395;0.000000;,
0.746492;0.665395;0.000000;,
-0.125169;0.888327;-0.441824;,
-0.124083;0.966426;-0.224998;,
-0.145521;0.912403;-0.382549;,
-0.124083;0.966426;-0.224998;,
-0.161592;0.793703;-0.586450;,
-0.220266;0.830763;-0.511191;,
0.184672;0.931475;0.313449;,
0.167368;0.963818;0.207468;,
0.179091;0.928614;0.324965;,
0.167368;0.963818;0.207468;,
0.191066;0.881837;0.431112;,
0.179774;0.874705;0.450080;,
0.144329;0.947073;0.286743;,
-0.076078;0.984192;0.159932;,
0.121646;0.973591;0.193190;,
-0.076078;0.984192;0.159932;,
0.326608;0.903706;0.276844;,
0.251441;0.964679;0.078560;,
-0.492230;0.865251;0.095139;,
-0.395465;0.911965;0.109208;,
-0.502598;0.860244;0.085879;,
-0.395465;0.911965;0.109208;,
-0.595580;0.800475;0.067266;,
-0.610775;0.790227;0.049961;,
0.321711;0.875125;-0.361466;,
0.252088;0.911965;-0.323683;,
0.337111;0.869807;-0.360267;,
0.252088;0.911965;-0.323683;,
0.407982;0.823617;-0.393962;,
0.433500;0.812755;-0.389239;,
0.404139;0.844180;-0.352182;,
0.404139;0.844180;-0.352182;,
-0.408059;0.842572;-0.351511;,
-0.408059;0.842572;-0.351511;,
0.000061;0.999472;-0.032474;,
0.000061;0.999472;-0.032474;,
-0.002038;0.646512;-0.762901;,
-0.002038;0.646512;-0.762901;;

92; // 92 faces 
3;0,1,2;,
3;1,0,3;,
3;4,5,6;,
3;5,4,7;,
3;8,3,0;,
3;3,8,9;,
3;6,10,11;,
3;10,6,5;,
3;12,2,13;,
3;2,12,0;,
3;14,3,15;,
3;3,14,1;,
3;16,6,17;,
3;6,16,4;,
3;18,7,19;,
3;7,18,5;,
3;20,0,12;,
3;0,20,8;,
3;15,9,21;,
3;9,15,3;,
3;17,11,22;,
3;11,17,6;,
3;23,5,18;,
3;5,23,10;,
3;24,25,26;,
3;24,27,25;,
3;24,28,27;,
3;24,29,28;,
3;24,30,29;,
3;24,26,30;,
3;31,32,33;,
3;32,31,34;,
3;35,33,36;,
3;33,35,31;,
3;37,36,38;,
3;36,37,35;,
3;39,38,40;,
3;38,39,37;,
3;41,40,42;,
3;40,41,39;,
3;34,42,32;,
3;42,34,41;,
3;43,34,31;,
3;43,31,35;,
3;43,35,37;,
3;43,37,39;,
3;43,39,41;,
3;43,41,34;,
3;44,45,46;,
3;45,44,47;,
3;48,49,50;,
3;49,48,51;,
3;52,53,54;,
3;53,52,55;,
3;56,57,58;,
3;57,56,59;,
3;60,61,62;,
3;61,60,63;,
3;64,62,65;,
3;62,64,60;,
3;66,67,68;,
3;67,66,69;,
3;70,68,71;,
3;68,70,66;,
3;72,73,74;,
3;73,72,75;,
3;76,74,77;,
3;74,76,72;,
3;78,79,80;,
3;79,78,81;,
3;82,80,83;,
3;80,82,78;,
3;84,85,86;,
3;85,84,87;,
3;88,86,89;,
3;86,88,84;,
3;90,91,92;,
3;91,90,93;,
3;94,92,95;,
3;92,94,90;,
3;96,97,98;,
3;97,96,99;,
3;100,98,101;,
3;98,100,96;,
3;102,50,103;,
3;50,102,48;,
3;104,53,105;,
3;53,104,54;,
3;106,46,107;,
3;46,106,44;,
3;108,57,109;,
3;57,108,58;;
}
MeshMaterialList {
 1; // Number of unique materials
 92; // Number of faces
0,0,0,0,0,0,0,0,0,0,0,0,0,0,0,0,0,0,0,0,0,0,0,0,0,0,0,0,0,0,0,0,0,0,0,0,0,0,0,0,0,0,0,0,0,0,0,0,0,0,0,0,0,0,0,0,0,0,0,0,0,0,0,0,0,0,0,0,0,0,0,0,0,0,0,0,0,0,0,0,0,0,0,0,0,0,0,0,0,0,0,0;;
Material {
0.588235;0.588235;0.588235;1.000000;;
131000.0;
0.900000;0.900000;0.900000;;
1.000000;0.000000;0.000000;;
TextureFilename {"model/04deco/v5/blockworld/05plants/03flower/Flower01.dds";}
}
}// materials
MeshTextureCoords {
110; // 110 UV
0.969838;-0.834835;,
0.991055;-0.680347;,
0.991055;-0.834835;,
0.969838;-0.680347;,
0.991055;-0.834835;,
0.969838;-0.680347;,
0.969838;-0.834835;,
0.991055;-0.680347;,
0.947774;-0.834835;,
0.947774;-0.680347;,
0.947774;-0.680347;,
0.947774;-0.834835;,
0.969838;-0.991818;,
0.991055;-0.991818;,
0.991055;-0.522460;,
0.969838;-0.522460;,
0.991055;-0.991818;,
0.969838;-0.991818;,
0.969838;-0.522460;,
0.991055;-0.522460;,
0.947774;-0.991818;,
0.947774;-0.522460;,
0.947774;-0.991818;,
0.947774;-0.522460;,
0.164158;-0.344734;,
0.241526;-0.478739;,
0.318895;-0.344734;,
0.086790;-0.478739;,
0.009421;-0.344734;,
0.086790;-0.210728;,
0.241526;-0.210728;,
0.209479;-0.058610;,
0.322739;-0.196548;,
0.223410;-0.196548;,
0.273857;-0.020122;,
0.116562;-0.058205;,
0.105238;-0.196548;,
0.056443;-0.019173;,
0.006125;-0.196548;,
0.116562;-0.058205;,
0.105238;-0.196548;,
0.209479;-0.058610;,
0.223410;-0.196548;,
0.165282;0.010623;,
0.672320;-0.238789;,
0.340777;-0.007669;,
0.340777;-0.238789;,
0.672320;-0.007669;,
0.672320;-0.238789;,
0.340777;-0.007669;,
0.340777;-0.238789;,
0.672320;-0.007669;,
0.340777;-0.007669;,
0.672320;-0.238789;,
0.340777;-0.238789;,
0.672320;-0.007669;,
0.340777;-0.007669;,
0.672320;-0.238789;,
0.340777;-0.238789;,
0.672320;-0.007669;,
0.684226;-0.258969;,
0.991592;-0.512196;,
0.991592;-0.258969;,
0.684226;-0.512196;,
0.684226;-0.005742;,
0.991592;-0.005742;,
0.684226;-0.258969;,
0.991592;-0.512196;,
0.991592;-0.258969;,
0.684226;-0.512196;,
0.684226;-0.005742;,
0.991592;-0.005742;,
0.684226;-0.258969;,
0.991592;-0.512196;,
0.991592;-0.258969;,
0.684226;-0.512196;,
0.684226;-0.005742;,
0.991592;-0.005742;,
0.684226;-0.258969;,
0.991592;-0.512196;,
0.991592;-0.258969;,
0.684226;-0.512196;,
0.684226;-0.005742;,
0.991592;-0.005742;,
0.684226;-0.258969;,
0.991592;-0.512196;,
0.991592;-0.258969;,
0.684226;-0.512196;,
0.684226;-0.005742;,
0.991592;-0.005742;,
0.684226;-0.258969;,
0.991592;-0.512196;,
0.991592;-0.258969;,
0.684226;-0.512196;,
0.684226;-0.005742;,
0.991592;-0.005742;,
0.684226;-0.258969;,
0.991592;-0.512196;,
0.991592;-0.258969;,
0.684226;-0.512196;,
0.684226;-0.005742;,
0.991592;-0.005742;,
0.672320;-0.469908;,
0.340777;-0.469908;,
0.340777;-0.469908;,
0.672320;-0.469908;,
0.672320;-0.469908;,
0.340777;-0.469908;,
0.340777;-0.469908;,
0.672320;-0.469908;;
}// UV
}// mesh
