xof 0303txt 0032
// Exported by ParaEngine X file exporter V0.2
ParaXHeader header{
112,97,114,97;
1,0,0,0;
1;
0;
-0.077645;-0.500000;-0.500000;;
0.077645;0.500000;0.500000;;
3;
}
Mesh mesh_object{
184; // 184 vertices 
-0.077645;-0.361359;0.500000;,
0.077645;-0.500000;0.500000;,
0.077645;-0.361359;0.500000;,
-0.077645;-0.500000;0.500000;,
0.077645;-0.500000;-0.500000;,
-0.077645;-0.361359;-0.500000;,
0.077645;-0.361359;-0.500000;,
-0.077645;-0.500000;-0.500000;,
0.077645;-0.500000;0.500000;,
-0.077645;-0.500000;0.324314;,
0.077645;-0.500000;0.324314;,
-0.077645;-0.500000;0.500000;,
0.077645;-0.361359;0.500000;,
0.077645;-0.500000;0.324314;,
0.077645;-0.361359;0.324314;,
0.077645;-0.500000;0.500000;,
-0.077645;0.500000;0.500000;,
0.077645;0.500000;0.324314;,
-0.077645;0.500000;0.324314;,
0.077645;0.500000;0.500000;,
-0.077645;0.361359;0.500000;,
-0.077645;0.500000;0.324314;,
-0.077645;0.361359;0.324314;,
-0.077645;0.500000;0.500000;,
0.077645;-0.500000;-0.500000;,
-0.077645;-0.500000;-0.324314;,
-0.077645;-0.500000;-0.500000;,
0.077645;-0.500000;-0.324314;,
0.077645;0.032461;-0.500000;,
0.077645;-0.032461;-0.324314;,
0.077645;-0.032461;-0.500000;,
0.077645;0.032461;-0.324314;,
-0.077645;0.500000;-0.500000;,
0.077645;0.500000;-0.324314;,
0.077645;0.500000;-0.500000;,
-0.077645;0.500000;-0.324314;,
-0.077645;-0.032461;-0.500000;,
-0.077645;0.032461;-0.324314;,
-0.077645;0.032461;-0.500000;,
-0.077645;-0.032461;-0.324314;,
0.077645;0.500000;-0.500000;,
0.077645;0.361359;-0.324314;,
0.077645;0.361359;-0.500000;,
0.077645;0.500000;-0.324314;,
-0.077645;-0.500000;-0.500000;,
-0.077645;-0.361359;-0.324314;,
-0.077645;-0.361359;-0.500000;,
-0.077645;-0.500000;-0.324314;,
0.077645;-0.500000;0.033502;,
-0.077645;-0.500000;0.033502;,
0.077645;0.032461;0.033502;,
0.077645;-0.032461;0.324314;,
0.077645;-0.032461;0.033502;,
0.077645;0.032461;0.324314;,
-0.077645;0.500000;0.033502;,
0.077645;0.500000;0.033502;,
-0.077645;-0.032461;0.033502;,
-0.077645;0.032461;0.324314;,
-0.077645;0.032461;0.033502;,
-0.077645;-0.032461;0.324314;,
0.077645;0.500000;0.033502;,
0.077645;0.361359;0.324314;,
0.077645;0.361359;0.033502;,
0.077645;0.500000;0.324314;,
-0.077645;-0.500000;0.033502;,
-0.077645;-0.361359;0.324314;,
-0.077645;-0.361359;0.033502;,
-0.077645;-0.500000;0.324314;,
-0.077645;-0.032461;0.500000;,
0.077645;-0.032461;0.500000;,
0.077645;-0.032461;-0.500000;,
-0.077645;-0.032461;-0.500000;,
0.077645;-0.032461;0.500000;,
-0.077645;0.032461;0.500000;,
-0.077645;0.500000;0.500000;,
0.077645;0.361359;0.500000;,
0.077645;0.500000;0.500000;,
-0.077645;0.361359;0.500000;,
0.077645;0.500000;-0.500000;,
-0.077645;0.361359;-0.500000;,
-0.077645;0.500000;-0.500000;,
0.077645;0.361359;-0.500000;,
0.077645;0.500000;0.500000;,
0.077645;0.361359;0.500000;,
-0.077645;-0.500000;0.500000;,
-0.077645;-0.361359;0.500000;,
0.077645;-0.500000;-0.324314;,
0.077645;-0.361359;-0.033502;,
0.077645;-0.500000;-0.033502;,
0.077645;-0.361359;-0.324314;,
-0.077645;0.500000;-0.324314;,
-0.077645;0.361359;-0.033502;,
-0.077645;0.500000;-0.033502;,
-0.077645;0.361359;-0.324314;,
0.077645;-0.500000;-0.500000;,
0.077645;-0.361359;-0.500000;,
-0.077645;0.500000;-0.500000;,
-0.077645;0.361359;-0.500000;,
0.077645;-0.361359;0.033502;,
0.077645;-0.500000;0.033502;,
-0.077645;0.361359;0.033502;,
-0.077645;0.500000;0.033502;,
0.077645;0.032461;-0.033502;,
0.077645;0.361359;-0.033502;,
-0.077645;-0.032461;-0.033502;,
-0.077645;-0.361359;-0.033502;,
-0.077645;-0.500000;-0.033502;,
0.077645;-0.500000;-0.033502;,
0.077645;-0.032461;-0.033502;,
0.077645;0.500000;-0.033502;,
-0.077645;0.500000;-0.033502;,
-0.077645;0.032461;-0.033502;,
0.077645;0.500000;-0.033502;,
-0.077645;-0.500000;-0.033502;,
0.077645;0.032461;0.500000;,
-0.077645;0.032461;0.500000;,
-0.077645;0.032461;-0.500000;,
0.077645;0.032461;-0.500000;,
0.077645;0.032461;0.500000;,
-0.077645;-0.032461;0.500000;,
-0.077645;0.361359;0.033502;,
0.077645;0.361359;0.324314;,
-0.077645;0.361359;0.324314;,
0.077645;0.361359;0.033502;,
-0.077645;0.361359;-0.324314;,
0.077645;0.361359;-0.033502;,
-0.077645;0.361359;-0.033502;,
0.077645;0.361359;-0.324314;,
-0.077645;0.032461;0.033502;,
0.077645;0.032461;0.324314;,
0.077645;0.032461;0.033502;,
-0.077645;0.032461;0.324314;,
-0.077645;0.032461;-0.324314;,
0.077645;0.032461;-0.033502;,
0.077645;0.032461;-0.324314;,
-0.077645;0.032461;-0.033502;,
-0.077645;-0.032461;0.033502;,
0.077645;-0.032461;0.324314;,
-0.077645;-0.032461;0.324314;,
0.077645;-0.032461;0.033502;,
-0.077645;-0.032461;-0.324314;,
0.077645;-0.032461;-0.033502;,
-0.077645;-0.032461;-0.033502;,
0.077645;-0.032461;-0.324314;,
-0.077645;-0.361359;0.033502;,
0.077645;-0.361359;0.324314;,
0.077645;-0.361359;0.033502;,
-0.077645;-0.361359;0.324314;,
-0.077645;-0.361359;-0.324314;,
0.077645;-0.361359;-0.033502;,
0.077645;-0.361359;-0.324314;,
-0.077645;-0.361359;-0.033502;,
0.077645;-0.032461;-0.324314;,
-0.077645;-0.361359;-0.324314;,
0.077645;-0.361359;-0.324314;,
-0.077645;-0.032461;-0.324314;,
0.077645;0.361359;-0.324314;,
-0.077645;0.032461;-0.324314;,
0.077645;0.032461;-0.324314;,
-0.077645;0.361359;-0.324314;,
0.077645;-0.032461;-0.033502;,
-0.077645;-0.361359;-0.033502;,
-0.077645;-0.032461;-0.033502;,
0.077645;-0.361359;-0.033502;,
0.077645;0.361359;-0.033502;,
-0.077645;0.032461;-0.033502;,
-0.077645;0.361359;-0.033502;,
0.077645;0.032461;-0.033502;,
0.077645;-0.032461;0.033502;,
-0.077645;-0.361359;0.033502;,
0.077645;-0.361359;0.033502;,
-0.077645;-0.032461;0.033502;,
0.077645;0.361359;0.033502;,
-0.077645;0.032461;0.033502;,
0.077645;0.032461;0.033502;,
-0.077645;0.361359;0.033502;,
0.077645;-0.032461;0.324314;,
-0.077645;-0.361359;0.324314;,
-0.077645;-0.032461;0.324314;,
0.077645;-0.361359;0.324314;,
0.077645;0.361359;0.324314;,
-0.077645;0.032461;0.324314;,
-0.077645;0.361359;0.324314;,
0.077645;0.032461;0.324314;;

156; // 156 faces 
3;0,1,2;,
3;1,0,3;,
3;4,5,6;,
3;5,4,7;,
3;8,9,10;,
3;9,8,11;,
3;12,13,14;,
3;13,12,15;,
3;16,17,18;,
3;17,16,19;,
3;20,21,22;,
3;21,20,23;,
3;24,25,26;,
3;25,24,27;,
3;28,29,30;,
3;29,28,31;,
3;32,33,34;,
3;33,32,35;,
3;36,37,38;,
3;37,36,39;,
3;40,41,42;,
3;41,40,43;,
3;44,45,46;,
3;45,44,47;,
3;48,9,49;,
3;9,48,10;,
3;50,51,52;,
3;51,50,53;,
3;54,17,55;,
3;17,54,18;,
3;56,57,58;,
3;57,56,59;,
3;60,61,62;,
3;61,60,63;,
3;64,65,66;,
3;65,64,67;,
3;68,2,69;,
3;2,68,0;,
3;70,5,71;,
3;5,70,6;,
3;72,14,51;,
3;14,72,12;,
3;73,22,57;,
3;22,73,20;,
3;74,75,76;,
3;75,74,77;,
3;78,79,80;,
3;79,78,81;,
3;82,61,63;,
3;61,82,83;,
3;84,65,67;,
3;65,84,85;,
3;86,87,88;,
3;87,86,89;,
3;90,91,92;,
3;91,90,93;,
3;94,89,86;,
3;89,94,95;,
3;96,93,90;,
3;93,96,97;,
3;28,41,31;,
3;41,28,42;,
3;36,45,39;,
3;45,36,46;,
3;88,98,99;,
3;98,88,87;,
3;92,100,101;,
3;100,92,91;,
3;102,62,50;,
3;62,102,103;,
3;104,66,56;,
3;66,104,105;,
3;27,106,25;,
3;106,27,107;,
3;31,108,29;,
3;108,31,102;,
3;35,109,33;,
3;109,35,110;,
3;39,111,37;,
3;111,39,104;,
3;43,103,41;,
3;103,43,112;,
3;47,105,45;,
3;105,47,113;,
3;107,49,106;,
3;49,107,48;,
3;102,52,108;,
3;52,102,50;,
3;110,55,109;,
3;55,110,54;,
3;104,58,111;,
3;58,104,56;,
3;112,62,103;,
3;62,112,60;,
3;113,66,105;,
3;66,113,64;,
3;13,98,14;,
3;98,13,99;,
3;21,100,22;,
3;100,21,101;,
3;77,114,75;,
3;114,77,115;,
3;81,116,79;,
3;116,81,117;,
3;83,53,61;,
3;53,83,118;,
3;85,59,65;,
3;59,85,119;,
3;95,29,89;,
3;29,95,30;,
3;97,37,93;,
3;37,97,38;,
3;115,69,114;,
3;69,115,68;,
3;117,71,116;,
3;71,117,70;,
3;118,51,53;,
3;51,118,72;,
3;119,57,59;,
3;57,119,73;,
3;87,52,98;,
3;52,87,108;,
3;91,58,100;,
3;58,91,111;,
3;120,121,122;,
3;121,120,123;,
3;124,125,126;,
3;125,124,127;,
3;128,129,130;,
3;129,128,131;,
3;132,133,134;,
3;133,132,135;,
3;136,137,138;,
3;137,136,139;,
3;140,141,142;,
3;141,140,143;,
3;144,145,146;,
3;145,144,147;,
3;148,149,150;,
3;149,148,151;,
3;152,153,154;,
3;153,152,155;,
3;156,157,158;,
3;157,156,159;,
3;160,161,162;,
3;161,160,163;,
3;164,165,166;,
3;165,164,167;,
3;168,169,170;,
3;169,168,171;,
3;172,173,174;,
3;173,172,175;,
3;176,177,178;,
3;177,176,179;,
3;180,181,182;,
3;181,180,183;;

MeshNormals {
184; // 184 normals 
0.000000;0.000000;1.000000;,
0.000000;0.000001;1.000000;,
0.000000;0.000000;1.000000;,
0.000000;0.000001;1.000000;,
0.000000;0.000001;-1.000000;,
0.000000;0.000000;-1.000000;,
0.000000;0.000000;-1.000000;,
0.000000;0.000001;-1.000000;,
0.000000;-1.000000;0.000000;,
0.000000;-1.000000;0.000000;,
0.000000;-1.000000;0.000000;,
0.000000;-1.000000;0.000000;,
1.000000;0.000000;0.000000;,
1.000000;0.000000;0.000000;,
1.000000;0.000000;0.000000;,
1.000000;0.000000;0.000000;,
0.000000;1.000000;0.000000;,
0.000000;1.000000;0.000000;,
0.000000;1.000000;0.000000;,
0.000000;1.000000;0.000000;,
-1.000000;0.000000;0.000000;,
-1.000000;0.000000;0.000000;,
-1.000000;0.000000;0.000000;,
-1.000000;0.000000;0.000000;,
0.000000;-1.000000;0.000000;,
0.000000;-1.000000;0.000000;,
0.000000;-1.000000;0.000000;,
0.000000;-1.000000;0.000000;,
1.000000;0.000000;0.000000;,
1.000000;0.000000;0.000000;,
1.000000;0.000000;0.000000;,
1.000000;0.000000;0.000000;,
0.000000;1.000000;0.000000;,
0.000000;1.000000;0.000000;,
0.000000;1.000000;0.000000;,
0.000000;1.000000;0.000000;,
-1.000000;0.000000;0.000000;,
-1.000000;0.000000;0.000000;,
-1.000000;0.000000;0.000000;,
-1.000000;0.000000;0.000000;,
1.000000;0.000000;0.000000;,
1.000000;0.000000;0.000000;,
1.000000;0.000000;0.000000;,
1.000000;0.000000;0.000000;,
-1.000000;0.000000;0.000000;,
-1.000000;0.000000;0.000000;,
-1.000000;0.000000;0.000000;,
-1.000000;0.000000;0.000000;,
0.000000;-1.000000;0.000000;,
0.000000;-1.000000;0.000000;,
1.000000;0.000000;0.000000;,
1.000000;0.000000;0.000000;,
1.000000;0.000000;0.000000;,
1.000000;0.000000;0.000000;,
0.000000;1.000000;0.000000;,
0.000000;1.000000;0.000000;,
-1.000000;0.000000;0.000000;,
-1.000000;0.000000;0.000000;,
-1.000000;0.000000;0.000000;,
-1.000000;0.000000;0.000000;,
1.000000;0.000000;0.000000;,
1.000000;0.000000;0.000000;,
1.000000;0.000000;0.000000;,
1.000000;0.000000;0.000000;,
-1.000000;0.000000;0.000000;,
-1.000000;0.000000;0.000000;,
-1.000000;0.000000;0.000000;,
-1.000000;0.000000;0.000000;,
0.000000;0.000000;1.000000;,
0.000000;0.000000;1.000000;,
0.000000;0.000000;-1.000000;,
0.000000;0.000000;-1.000000;,
1.000000;0.000000;0.000000;,
-1.000000;0.000000;0.000000;,
0.000000;-0.000001;1.000000;,
0.000000;-0.000000;1.000000;,
0.000000;-0.000001;1.000000;,
0.000000;-0.000000;1.000000;,
0.000000;-0.000001;-1.000000;,
0.000000;-0.000000;-1.000000;,
0.000000;-0.000001;-1.000000;,
0.000000;-0.000000;-1.000000;,
1.000000;0.000000;0.000000;,
1.000000;0.000000;0.000000;,
-1.000000;0.000000;0.000000;,
-1.000000;0.000000;0.000000;,
1.000000;0.000000;0.000000;,
1.000000;0.000000;0.000000;,
1.000000;0.000000;0.000000;,
1.000000;0.000000;0.000000;,
-1.000000;0.000000;0.000000;,
-1.000000;0.000000;0.000000;,
-1.000000;0.000000;0.000000;,
-1.000000;0.000000;0.000000;,
1.000000;0.000000;0.000000;,
1.000000;0.000000;0.000000;,
-1.000000;0.000000;0.000000;,
-1.000000;0.000000;0.000000;,
1.000000;0.000000;0.000000;,
1.000000;0.000000;0.000000;,
-1.000000;0.000000;0.000000;,
-1.000000;0.000000;0.000000;,
1.000000;0.000000;0.000000;,
1.000000;0.000000;0.000000;,
-1.000000;0.000000;0.000000;,
-1.000000;0.000000;0.000000;,
0.000000;-1.000000;0.000000;,
0.000000;-1.000000;0.000000;,
1.000000;0.000000;0.000000;,
0.000000;1.000000;0.000000;,
0.000000;1.000000;0.000000;,
-1.000000;0.000000;0.000000;,
1.000000;0.000000;0.000000;,
-1.000000;0.000000;0.000000;,
0.000000;0.000000;1.000000;,
0.000000;0.000000;1.000000;,
0.000000;0.000000;-1.000000;,
0.000000;0.000000;-1.000000;,
1.000000;0.000000;0.000000;,
-1.000000;0.000000;0.000000;,
0.000000;-1.000000;0.000000;,
0.000000;-1.000000;0.000000;,
0.000000;-1.000000;0.000000;,
0.000000;-1.000000;0.000000;,
0.000000;-1.000000;0.000000;,
0.000000;-1.000000;0.000000;,
0.000000;-1.000000;0.000000;,
0.000000;-1.000000;0.000000;,
0.000000;1.000000;0.000000;,
0.000000;1.000000;0.000000;,
0.000000;1.000000;0.000000;,
0.000000;1.000000;0.000000;,
0.000000;1.000000;0.000000;,
0.000000;1.000000;0.000000;,
0.000000;1.000000;0.000000;,
0.000000;1.000000;0.000000;,
0.000000;-1.000000;0.000000;,
0.000000;-1.000000;0.000000;,
0.000000;-1.000000;0.000000;,
0.000000;-1.000000;0.000000;,
0.000000;-1.000000;0.000000;,
0.000000;-1.000000;0.000000;,
0.000000;-1.000000;0.000000;,
0.000000;-1.000000;0.000000;,
-0.000000;1.000000;-0.000000;,
-0.000000;1.000000;-0.000000;,
0.000000;1.000000;-0.000000;,
-0.000000;1.000000;0.000000;,
0.000000;1.000000;0.000000;,
0.000000;1.000000;0.000000;,
0.000000;1.000000;0.000000;,
0.000000;1.000000;0.000000;,
0.000000;-0.000000;1.000000;,
0.000000;-0.000000;1.000000;,
0.000000;-0.000000;1.000000;,
0.000000;-0.000000;1.000000;,
0.000000;0.000000;1.000000;,
0.000000;0.000000;1.000000;,
0.000000;0.000000;1.000000;,
0.000000;0.000000;1.000000;,
0.000000;0.000000;-1.000000;,
0.000000;0.000000;-1.000000;,
0.000000;0.000000;-1.000000;,
0.000000;0.000000;-1.000000;,
0.000000;-0.000000;-1.000000;,
0.000000;-0.000000;-1.000000;,
0.000000;-0.000000;-1.000000;,
0.000000;-0.000000;-1.000000;,
0.000000;0.000000;1.000000;,
0.000000;0.000000;1.000000;,
0.000000;0.000000;1.000000;,
0.000000;0.000000;1.000000;,
0.000000;0.000000;1.000000;,
0.000000;0.000000;1.000000;,
0.000000;0.000000;1.000000;,
0.000000;0.000000;1.000000;,
0.000000;-0.000000;-1.000000;,
0.000000;-0.000000;-1.000000;,
0.000000;-0.000000;-1.000000;,
0.000000;-0.000000;-1.000000;,
0.000000;0.000000;-1.000000;,
0.000000;0.000000;-1.000000;,
0.000000;0.000000;-1.000000;,
0.000000;0.000000;-1.000000;;

156; // 156 faces 
3;0,1,2;,
3;1,0,3;,
3;4,5,6;,
3;5,4,7;,
3;8,9,10;,
3;9,8,11;,
3;12,13,14;,
3;13,12,15;,
3;16,17,18;,
3;17,16,19;,
3;20,21,22;,
3;21,20,23;,
3;24,25,26;,
3;25,24,27;,
3;28,29,30;,
3;29,28,31;,
3;32,33,34;,
3;33,32,35;,
3;36,37,38;,
3;37,36,39;,
3;40,41,42;,
3;41,40,43;,
3;44,45,46;,
3;45,44,47;,
3;48,9,49;,
3;9,48,10;,
3;50,51,52;,
3;51,50,53;,
3;54,17,55;,
3;17,54,18;,
3;56,57,58;,
3;57,56,59;,
3;60,61,62;,
3;61,60,63;,
3;64,65,66;,
3;65,64,67;,
3;68,2,69;,
3;2,68,0;,
3;70,5,71;,
3;5,70,6;,
3;72,14,51;,
3;14,72,12;,
3;73,22,57;,
3;22,73,20;,
3;74,75,76;,
3;75,74,77;,
3;78,79,80;,
3;79,78,81;,
3;82,61,63;,
3;61,82,83;,
3;84,65,67;,
3;65,84,85;,
3;86,87,88;,
3;87,86,89;,
3;90,91,92;,
3;91,90,93;,
3;94,89,86;,
3;89,94,95;,
3;96,93,90;,
3;93,96,97;,
3;28,41,31;,
3;41,28,42;,
3;36,45,39;,
3;45,36,46;,
3;88,98,99;,
3;98,88,87;,
3;92,100,101;,
3;100,92,91;,
3;102,62,50;,
3;62,102,103;,
3;104,66,56;,
3;66,104,105;,
3;27,106,25;,
3;106,27,107;,
3;31,108,29;,
3;108,31,102;,
3;35,109,33;,
3;109,35,110;,
3;39,111,37;,
3;111,39,104;,
3;43,103,41;,
3;103,43,112;,
3;47,105,45;,
3;105,47,113;,
3;107,49,106;,
3;49,107,48;,
3;102,52,108;,
3;52,102,50;,
3;110,55,109;,
3;55,110,54;,
3;104,58,111;,
3;58,104,56;,
3;112,62,103;,
3;62,112,60;,
3;113,66,105;,
3;66,113,64;,
3;13,98,14;,
3;98,13,99;,
3;21,100,22;,
3;100,21,101;,
3;77,114,75;,
3;114,77,115;,
3;81,116,79;,
3;116,81,117;,
3;83,53,61;,
3;53,83,118;,
3;85,59,65;,
3;59,85,119;,
3;95,29,89;,
3;29,95,30;,
3;97,37,93;,
3;37,97,38;,
3;115,69,114;,
3;69,115,68;,
3;117,71,116;,
3;71,117,70;,
3;118,51,53;,
3;51,118,72;,
3;119,57,59;,
3;57,119,73;,
3;87,52,98;,
3;52,87,108;,
3;91,58,100;,
3;58,91,111;,
3;120,121,122;,
3;121,120,123;,
3;124,125,126;,
3;125,124,127;,
3;128,129,130;,
3;129,128,131;,
3;132,133,134;,
3;133,132,135;,
3;136,137,138;,
3;137,136,139;,
3;140,141,142;,
3;141,140,143;,
3;144,145,146;,
3;145,144,147;,
3;148,149,150;,
3;149,148,151;,
3;152,153,154;,
3;153,152,155;,
3;156,157,158;,
3;157,156,159;,
3;160,161,162;,
3;161,160,163;,
3;164,165,166;,
3;165,164,167;,
3;168,169,170;,
3;169,168,171;,
3;172,173,174;,
3;173,172,175;,
3;176,177,178;,
3;177,176,179;,
3;180,181,182;,
3;181,180,183;;
}
MeshMaterialList {
 1; // Number of unique materials
 156; // Number of faces
0,0,0,0,0,0,0,0,0,0,0,0,0,0,0,0,0,0,0,0,0,0,0,0,0,0,0,0,0,0,0,0,0,0,0,0,0,0,0,0,0,0,0,0,0,0,0,0,0,0,0,0,0,0,0,0,0,0,0,0,0,0,0,0,0,0,0,0,0,0,0,0,0,0,0,0,0,0,0,0,0,0,0,0,0,0,0,0,0,0,0,0,0,0,0,0,0,0,0,0,0,0,0,0,0,0,0,0,0,0,0,0,0,0,0,0,0,0,0,0,0,0,0,0,0,0,0,0,0,0,0,0,0,0,0,0,0,0,0,0,0,0,0,0,0,0,0,0,0,0,0,0,0,0,0,0;;
Material {
0.588000;0.588000;0.588000;1.000000;;
0.0;
0.900000;0.900000;0.900000;;
1.000000;0.000000;0.000000;;
TextureFilename {"Texture/blocks/door_wood_upper.png";}
}
}// materials
MeshTextureCoords {
184; // 184 UV
0.770306;-0.656967;,
0.925899;-0.619889;,
0.925899;-0.656967;,
0.770306;-0.619889;,
0.416746;-0.868711;,
0.548604;-0.836796;,
0.416746;-0.836796;,
0.548604;-0.868711;,
0.995730;-0.831406;,
0.821142;-0.675813;,
0.821142;-0.831406;,
0.995730;-0.675813;,
0.995730;-0.852978;,
0.821142;-0.831406;,
0.821142;-0.852978;,
0.995730;-0.831406;,
0.995730;-0.881614;,
0.821142;-0.987000;,
0.821142;-0.881614;,
0.995730;-0.987000;,
0.995730;-0.539529;,
0.821142;-0.517593;,
0.821142;-0.539529;,
0.995730;-0.517593;,
0.001000;-0.831406;,
0.176568;-0.675813;,
0.001000;-0.675813;,
0.176568;-0.831406;,
0.001000;-0.914254;,
0.176568;-0.904152;,
0.001000;-0.904152;,
0.176568;-0.914254;,
0.001000;-0.881614;,
0.176568;-0.987000;,
0.001000;-0.987000;,
0.176568;-0.881614;,
0.001000;-0.601839;,
0.176568;-0.591567;,
0.001000;-0.591567;,
0.176568;-0.601839;,
0.001000;-0.987000;,
0.176568;-0.965428;,
0.001000;-0.965428;,
0.176568;-0.987000;,
0.001000;-0.675813;,
0.176568;-0.653877;,
0.001000;-0.653877;,
0.176568;-0.675813;,
0.532148;-0.831406;,
0.532148;-0.675813;,
0.532148;-0.914254;,
0.821142;-0.904152;,
0.532148;-0.904152;,
0.821142;-0.914254;,
0.532148;-0.881614;,
0.532148;-0.987000;,
0.532148;-0.601839;,
0.821142;-0.591567;,
0.532148;-0.591567;,
0.821142;-0.601839;,
0.532148;-0.987000;,
0.821142;-0.965428;,
0.532148;-0.965428;,
0.821142;-0.987000;,
0.532148;-0.675813;,
0.821142;-0.653877;,
0.532148;-0.653877;,
0.821142;-0.675813;,
0.770306;-0.744928;,
0.925899;-0.744928;,
0.416746;-0.761082;,
0.548604;-0.761082;,
0.995730;-0.904152;,
0.995730;-0.591567;,
0.770306;-0.887330;,
0.925899;-0.850252;,
0.925899;-0.887330;,
0.770306;-0.850252;,
0.416746;-0.638508;,
0.548604;-0.670423;,
0.548604;-0.638508;,
0.416746;-0.670423;,
0.995730;-0.987000;,
0.995730;-0.965428;,
0.995730;-0.675813;,
0.995730;-0.653877;,
0.176568;-0.831406;,
0.465562;-0.852978;,
0.465562;-0.831406;,
0.176568;-0.852978;,
0.176568;-0.517593;,
0.465562;-0.539529;,
0.465562;-0.517593;,
0.176568;-0.539529;,
0.001000;-0.831406;,
0.001000;-0.852978;,
0.001000;-0.517593;,
0.001000;-0.539529;,
0.532148;-0.852978;,
0.532148;-0.831406;,
0.532148;-0.539529;,
0.532148;-0.517593;,
0.465562;-0.914254;,
0.465562;-0.965428;,
0.465562;-0.601839;,
0.465562;-0.653877;,
0.465562;-0.675813;,
0.465562;-0.831406;,
0.465562;-0.904152;,
0.465562;-0.987000;,
0.465562;-0.881614;,
0.465562;-0.591567;,
0.465562;-0.987000;,
0.465562;-0.675813;,
0.925899;-0.762291;,
0.770306;-0.762291;,
0.548604;-0.746137;,
0.416746;-0.746137;,
0.995730;-0.914254;,
0.995730;-0.601839;,
0.532148;-0.881614;,
0.821142;-0.987000;,
0.821142;-0.881614;,
0.532148;-0.987000;,
0.176568;-0.881614;,
0.465562;-0.987000;,
0.465562;-0.881614;,
0.176568;-0.987000;,
0.532148;-0.881614;,
0.821142;-0.987000;,
0.532148;-0.987000;,
0.821142;-0.881614;,
0.176568;-0.881614;,
0.465562;-0.987000;,
0.176568;-0.987000;,
0.465562;-0.881614;,
0.532148;-0.881614;,
0.821142;-0.987000;,
0.821142;-0.881614;,
0.532148;-0.987000;,
0.176568;-0.881614;,
0.465562;-0.987000;,
0.465562;-0.881614;,
0.176568;-0.987000;,
0.532148;-0.881614;,
0.821142;-0.987000;,
0.532148;-0.987000;,
0.821142;-0.881614;,
0.176568;-0.881614;,
0.465562;-0.987000;,
0.176568;-0.987000;,
0.465562;-0.881614;,
0.416746;-0.761082;,
0.548604;-0.836796;,
0.416746;-0.836796;,
0.548604;-0.761082;,
0.416746;-0.670423;,
0.548604;-0.746137;,
0.416746;-0.746137;,
0.548604;-0.670423;,
0.416746;-0.761082;,
0.548604;-0.836796;,
0.548604;-0.761082;,
0.416746;-0.836796;,
0.416746;-0.670423;,
0.548604;-0.746137;,
0.548604;-0.670423;,
0.416746;-0.746137;,
0.416746;-0.761082;,
0.548604;-0.836796;,
0.416746;-0.836796;,
0.548604;-0.761082;,
0.416746;-0.670423;,
0.548604;-0.746137;,
0.416746;-0.746137;,
0.548604;-0.670423;,
0.416746;-0.761082;,
0.548604;-0.836796;,
0.548604;-0.761082;,
0.416746;-0.836796;,
0.416746;-0.670423;,
0.548604;-0.746137;,
0.548604;-0.670423;,
0.416746;-0.746137;;
}// UV
}// mesh
