xof 0303txt 0032
// Exported by ParaEngine X file exporter V0.2
ParaXHeader header{
112,97,114,97;
1,0,0,0;
1;
0;
-0.000000;-0.498000;-0.053416;;
0.500000;0.502000;0.053416;;
3;
}
Mesh mesh_object{
20; // 20 vertices 
0.000000;-0.498000;0.053416;,
0.500000;-0.498000;-0.053416;,
0.500000;-0.498000;0.053416;,
-0.000000;-0.498000;-0.053416;,
0.000000;0.502000;0.053416;,
0.500000;0.502000;-0.053416;,
0.000000;0.502000;-0.053416;,
0.500000;0.502000;0.053416;,
-0.000000;-0.498000;-0.053416;,
0.500000;0.502000;-0.053416;,
0.500000;-0.498000;-0.053416;,
0.000000;0.502000;-0.053416;,
0.500000;-0.498000;-0.053416;,
0.500000;0.502000;0.053416;,
0.500000;-0.498000;0.053416;,
0.500000;0.502000;-0.053416;,
0.500000;-0.498000;0.053416;,
0.000000;0.502000;0.053416;,
0.000000;-0.498000;0.053416;,
0.500000;0.502000;0.053416;;

10; // 10 faces 
3;0,1,2;,
3;1,0,3;,
3;4,5,6;,
3;5,4,7;,
3;8,9,10;,
3;9,8,11;,
3;12,13,14;,
3;13,12,15;,
3;16,17,18;,
3;17,16,19;;

MeshNormals {
20; // 20 normals 
0.000000;-1.000000;-0.000000;,
0.000000;-1.000000;-0.000000;,
0.000000;-1.000000;0.000000;,
0.000000;-1.000000;-0.000000;,
0.000000;1.000000;0.000000;,
0.000000;1.000000;0.000000;,
0.000000;1.000000;0.000000;,
0.000000;1.000000;0.000000;,
0.000000;0.000000;-1.000000;,
0.000000;0.000000;-1.000000;,
0.000000;0.000000;-1.000000;,
0.000000;0.000000;-1.000000;,
1.000000;0.000000;0.000000;,
1.000000;0.000000;0.000000;,
1.000000;0.000000;0.000000;,
1.000000;0.000000;0.000000;,
0.000000;0.000000;1.000000;,
0.000000;0.000000;1.000000;,
0.000000;0.000000;1.000000;,
0.000000;0.000000;1.000000;;

10; // 10 faces 
3;0,1,2;,
3;1,0,3;,
3;4,5,6;,
3;5,4,7;,
3;8,9,10;,
3;9,8,11;,
3;12,13,14;,
3;13,12,15;,
3;16,17,18;,
3;17,16,19;;
}
MeshMaterialList {
 1; // Number of unique materials
 10; // Number of faces
0,0,0,0,0,0,0,0,0,0;;
Material {
0.588000;0.588000;0.588000;1.000000;;
3000.0;
0.900000;0.900000;0.900000;;
1.000000;0.000000;0.000000;;
TextureFilename {"Texture/blocks/glass_pane.png;2";}
}
}// materials
MeshTextureCoords {
20; // 20 UV
0.495000;-0.990000;,
0.090000;-0.990000;,
0.090000;-0.990000;,
0.495000;-0.990000;,
0.495000;-0.990000;,
0.090000;-0.990000;,
0.495000;-0.990000;,
0.090000;-0.990000;,
0.500000;-0.012937;,
0.010000;-0.991958;,
0.010000;-0.012937;,
0.500000;-0.991967;,
0.897572;-0.990000;,
0.088382;-0.990000;,
0.897572;-0.990000;,
0.088382;-0.990000;,
0.010000;-0.012937;,
0.500000;-0.991958;,
0.500000;-0.012937;,
0.010000;-0.991958;;
}// UV
}// mesh
