xof 0303txt 0032
// Exported by ParaEngine X file exporter V0.2
ParaXHeader header{
112,97,114,97;
1,0,0,0;
1;
0;
-0.050000;-0.500000;-0.050000;;
0.050000;-0.400000;0.050000;;
3;
}
Mesh mesh_object{
253; // 253 vertices 
0.170966;-0.467862;-0.016235;,
0.071538;-0.494776;0.019427;,
0.100876;-0.473536;0.035139;,
0.110767;-0.486505;-0.011796;,
0.128770;-0.486504;0.034144;,
0.042313;-0.472649;0.043834;,
0.095930;-0.498772;0.036404;,
0.052760;-0.458788;0.003797;,
-0.011293;-0.462653;-0.004318;,
0.060963;-0.478202;-0.010040;,
0.060833;-0.502998;-0.003419;,
0.088414;-0.381709;0.041521;,
0.088649;-0.381710;-0.008444;,
0.088414;-0.381709;0.041521;,
0.060833;-0.502998;-0.003419;,
0.060833;-0.502998;0.062569;,
0.088414;-0.381709;0.041521;,
0.093825;-0.289053;-0.001353;,
0.088649;-0.381710;-0.008444;,
0.093825;-0.289053;-0.001353;,
0.088414;-0.381709;0.041521;,
0.093834;-0.289053;0.034321;,
0.093834;-0.289053;0.034321;,
0.086884;-0.209614;0.004808;,
0.093825;-0.289053;-0.001353;,
0.086884;-0.209614;0.004808;,
0.093834;-0.289053;0.034321;,
0.086890;-0.209615;0.028159;,
0.086890;-0.209615;0.028159;,
0.069285;-0.076814;0.009794;,
0.086884;-0.209614;0.004808;,
0.069285;-0.076814;0.009794;,
0.086890;-0.209615;0.028159;,
0.069288;-0.076814;0.023169;,
0.117980;-0.502998;0.029575;,
0.088649;-0.381710;-0.008444;,
0.131962;-0.381709;0.016335;,
0.088649;-0.381710;-0.008444;,
0.117980;-0.502998;0.029575;,
0.060833;-0.502998;-0.003419;,
0.088649;-0.381710;-0.008444;,
0.124724;-0.288919;0.016476;,
0.131962;-0.381709;0.016335;,
0.124724;-0.288919;0.016476;,
0.088649;-0.381710;-0.008444;,
0.093825;-0.289053;-0.001353;,
0.093825;-0.289053;-0.001353;,
0.107086;-0.210591;0.016478;,
0.124724;-0.288919;0.016476;,
0.107086;-0.210591;0.016478;,
0.093825;-0.289053;-0.001353;,
0.086884;-0.209614;0.004808;,
0.086884;-0.209614;0.004808;,
0.080868;-0.076647;0.016479;,
0.107086;-0.210591;0.016478;,
0.080868;-0.076647;0.016479;,
0.086884;-0.209614;0.004808;,
0.069285;-0.076814;0.009794;,
0.060833;-0.502998;0.062569;,
0.131962;-0.381709;0.016335;,
0.088414;-0.381709;0.041521;,
0.131962;-0.381709;0.016335;,
0.060833;-0.502998;0.062569;,
0.117980;-0.502998;0.029575;,
0.131962;-0.381709;0.016335;,
0.093834;-0.289053;0.034321;,
0.088414;-0.381709;0.041521;,
0.093834;-0.289053;0.034321;,
0.131962;-0.381709;0.016335;,
0.124724;-0.288919;0.016476;,
0.124724;-0.288919;0.016476;,
0.086890;-0.209615;0.028159;,
0.093834;-0.289053;0.034321;,
0.086890;-0.209615;0.028159;,
0.124724;-0.288919;0.016476;,
0.107086;-0.210591;0.016478;,
0.107086;-0.210591;0.016478;,
0.069288;-0.076814;0.023169;,
0.086890;-0.209615;0.028159;,
0.069288;-0.076814;0.023169;,
0.107086;-0.210591;0.016478;,
0.080868;-0.076647;0.016479;,
-0.129590;-0.262684;0.038970;,
-0.113795;-0.503265;-0.019657;,
-0.113795;-0.503265;0.078807;,
-0.113795;-0.503265;-0.019657;,
-0.129590;-0.262684;0.038970;,
-0.129280;-0.262684;-0.026832;,
-0.119872;-0.095570;-0.014015;,
-0.129590;-0.262684;0.038970;,
-0.119862;-0.095570;0.025956;,
-0.129590;-0.262684;0.038970;,
-0.119872;-0.095570;-0.014015;,
-0.129280;-0.262684;-0.026832;,
-0.119862;-0.095570;0.025956;,
-0.084916;0.136310;-0.005599;,
-0.119872;-0.095570;-0.014015;,
-0.084916;0.136310;-0.005599;,
-0.119862;-0.095570;0.025956;,
-0.084910;0.136309;0.017537;,
-0.084910;0.136309;0.017537;,
-0.078036;0.307672;-0.001947;,
-0.084916;0.136310;-0.005599;,
-0.078036;0.307672;-0.001947;,
-0.084910;0.136309;0.017537;,
-0.078032;0.307672;0.013881;,
-0.129280;-0.262684;-0.026832;,
-0.028523;-0.503265;0.029575;,
-0.113795;-0.503265;-0.019657;,
-0.028523;-0.503265;0.029575;,
-0.129280;-0.262684;-0.026832;,
-0.072238;-0.262684;0.005801;,
-0.085251;-0.095420;0.005962;,
-0.129280;-0.262684;-0.026832;,
-0.119872;-0.095570;-0.014015;,
-0.129280;-0.262684;-0.026832;,
-0.085251;-0.095420;0.005962;,
-0.072238;-0.262684;0.005801;,
-0.119872;-0.095570;-0.014015;,
-0.065145;0.133039;0.005964;,
-0.085251;-0.095420;0.005962;,
-0.065145;0.133039;0.005964;,
-0.119872;-0.095570;-0.014015;,
-0.084916;0.136310;-0.005599;,
-0.084916;0.136310;-0.005599;,
-0.064328;0.307870;0.005963;,
-0.065145;0.133039;0.005964;,
-0.064328;0.307870;0.005963;,
-0.084916;0.136310;-0.005599;,
-0.078036;0.307672;-0.001947;,
-0.072238;-0.262684;0.005801;,
-0.113795;-0.503265;0.078807;,
-0.028523;-0.503265;0.029575;,
-0.113795;-0.503265;0.078807;,
-0.072238;-0.262684;0.005801;,
-0.129590;-0.262684;0.038970;,
-0.119862;-0.095570;0.025956;,
-0.072238;-0.262684;0.005801;,
-0.085251;-0.095420;0.005962;,
-0.072238;-0.262684;0.005801;,
-0.119862;-0.095570;0.025956;,
-0.129590;-0.262684;0.038970;,
-0.085251;-0.095420;0.005962;,
-0.084910;0.136309;0.017537;,
-0.119862;-0.095570;0.025956;,
-0.084910;0.136309;0.017537;,
-0.085251;-0.095420;0.005962;,
-0.065145;0.133039;0.005964;,
-0.064328;0.307870;0.005963;,
-0.084910;0.136309;0.017537;,
-0.065145;0.133039;0.005964;,
-0.084910;0.136309;0.017537;,
-0.064328;0.307870;0.005963;,
-0.078032;0.307672;0.013881;,
-0.139651;-0.433498;0.101683;,
-0.078011;-0.481856;0.032589;,
-0.118467;-0.495562;0.025872;,
-0.087922;-0.450764;0.099976;,
-0.172404;-0.452627;0.181629;,
-0.118284;-0.456403;0.149581;,
-0.179950;-0.456065;0.070920;,
-0.055329;-0.486341;0.013698;,
-0.023699;-0.445155;0.052149;,
-0.007996;-0.483078;0.015577;,
-0.084048;-0.477807;0.030914;,
0.021043;-0.477334;0.077943;,
-0.053693;-0.463070;0.101043;,
-0.094465;-0.491821;-0.040843;,
-0.098949;-0.496066;0.027097;,
-0.049503;-0.458611;-0.030006;,
-0.012358;-0.495754;-0.087142;,
-0.012975;-0.478696;-0.005465;,
-0.043475;-0.500302;0.047300;,
-0.165340;-0.464104;0.033749;,
-0.054169;-0.481585;0.009197;,
-0.146844;-0.458306;-0.040262;,
-0.098697;-0.486607;0.052960;,
-0.204693;-0.503609;-0.080542;,
-0.109156;-0.482368;-0.082657;,
-0.153101;0.390679;0.004474;,
-0.124626;0.333261;0.073018;,
-0.123600;0.390629;0.065100;,
-0.155117;0.332840;0.006232;,
-0.035963;0.390679;-0.052196;,
-0.114717;0.333261;-0.069905;,
-0.111653;0.390629;-0.064329;,
-0.030264;0.332840;-0.052335;,
-0.054644;0.390679;0.077430;,
0.010520;0.333261;0.025470;,
0.000595;0.390629;0.021154;,
-0.051907;0.332840;0.084510;,
-0.129803;0.289956;0.006703;,
-0.114717;0.333261;-0.069905;,
-0.102570;0.289976;-0.047692;,
-0.038647;0.289985;-0.040029;,
0.010520;0.333261;0.025470;,
-0.020957;0.289904;0.019042;,
-0.058599;0.289946;0.060033;,
-0.124626;0.333261;0.073018;,
-0.104741;0.289947;0.047814;,
-0.106973;0.445039;0.039821;,
-0.083260;0.502619;0.004390;,
-0.134022;0.445483;0.003858;,
-0.104838;0.445039;-0.042347;,
-0.083260;0.502619;0.004390;,
-0.053533;0.445483;-0.037457;,
-0.106973;0.445039;0.039821;,
-0.070970;0.445483;0.051678;,
-0.028330;0.445039;0.015918;,
-0.123600;0.390629;0.065100;,
0.000595;0.390629;0.021154;,
-0.028330;0.445039;0.015918;,
-0.111653;0.390629;-0.064329;,
-0.104838;0.445039;-0.042347;,
-0.104741;0.289947;0.047814;,
-0.102570;0.289976;-0.047692;,
-0.020957;0.289904;0.019042;,
-0.077238;0.254661;0.010794;,
0.065441;0.025024;0.070230;,
0.122643;-0.028546;0.062971;,
0.109556;0.024990;0.054791;,
0.065032;-0.028893;0.081557;,
0.035839;0.025024;-0.014978;,
0.006541;-0.028546;0.041191;,
0.021400;0.024990;0.036161;,
0.029005;-0.028893;-0.026294;,
0.123588;0.025024;0.008304;,
0.096624;-0.028546;-0.052255;,
0.089281;0.024990;-0.034253;,
0.139007;-0.028893;0.004515;,
0.067838;-0.064252;0.060871;,
0.006541;-0.028546;0.041191;,
0.025894;-0.064235;0.033367;,
0.038282;-0.064228;-0.018251;,
0.096624;-0.028546;-0.052255;,
0.088350;-0.064295;-0.027090;,
0.118322;-0.064261;0.007656;,
0.122643;-0.028546;0.062971;,
0.103903;-0.064259;0.044276;,
0.070394;0.094156;0.022533;,
0.070394;0.094156;0.022533;,
0.109556;0.024990;0.054791;,
0.089281;0.024990;-0.034253;,
0.021400;0.024990;0.036161;,
0.103903;-0.064259;0.044276;,
0.025894;-0.064235;0.033367;,
0.088350;-0.064295;-0.027090;,
0.076214;-0.093354;0.018213;,
0.128209;-0.470166;0.063034;,
0.087663;-0.488332;0.025611;,
0.092523;-0.449844;0.062680;,
0.101199;-0.460754;0.105947;,
0.054745;-0.472660;0.070896;;

164; // 164 faces 
3;0,1,2;,
3;1,0,3;,
3;2,4,0;,
3;5,6,7;,
3;5,7,8;,
3;6,9,7;,
3;7,9,8;,
3;10,11,12;,
3;13,14,15;,
3;16,17,18;,
3;19,20,21;,
3;22,23,24;,
3;25,26,27;,
3;28,29,30;,
3;31,32,33;,
3;34,35,36;,
3;37,38,39;,
3;40,41,42;,
3;43,44,45;,
3;46,47,48;,
3;49,50,51;,
3;52,53,54;,
3;55,56,57;,
3;58,59,60;,
3;61,62,63;,
3;64,65,66;,
3;67,68,69;,
3;70,71,72;,
3;73,74,75;,
3;76,77,78;,
3;79,80,81;,
3;82,83,84;,
3;85,86,87;,
3;88,89,90;,
3;91,92,93;,
3;94,95,96;,
3;97,98,99;,
3;100,101,102;,
3;103,104,105;,
3;106,107,108;,
3;109,110,111;,
3;112,113,114;,
3;115,116,117;,
3;118,119,120;,
3;121,122,123;,
3;124,125,126;,
3;127,128,129;,
3;130,131,132;,
3;133,134,135;,
3;136,137,138;,
3;139,140,141;,
3;142,143,144;,
3;145,146,147;,
3;148,149,150;,
3;151,152,153;,
3;154,155,156;,
3;155,154,157;,
3;158,157,154;,
3;157,158,159;,
3;156,160,154;,
3;154,160,158;,
3;161,162,163;,
3;162,161,164;,
3;163,162,165;,
3;162,164,166;,
3;165,162,166;,
3;167,168,169;,
3;167,169,170;,
3;171,168,172;,
3;168,171,169;,
3;169,171,170;,
3;173,174,175;,
3;174,173,176;,
3;173,175,177;,
3;175,178,177;,
3;179,180,181;,
3;180,179,182;,
3;183,184,185;,
3;184,183,186;,
3;187,188,189;,
3;188,187,190;,
3;191,192,193;,
3;192,191,182;,
3;194,195,196;,
3;195,194,186;,
3;197,198,199;,
3;198,197,190;,
3;200,201,202;,
3;203,204,205;,
3;201,206,207;,
3;205,185,203;,
3;185,205,183;,
3;202,181,200;,
3;181,202,179;,
3;207,189,208;,
3;189,207,187;,
3;209,190,187;,
3;190,209,198;,
3;209,207,206;,
3;207,209,187;,
3;210,186,183;,
3;186,210,195;,
3;210,205,211;,
3;205,210,183;,
3;212,182,179;,
3;182,212,192;,
3;212,202,213;,
3;202,212,179;,
3;204,211,205;,
3;201,213,202;,
3;208,201,207;,
3;180,191,214;,
3;191,180,182;,
3;184,194,215;,
3;194,184,186;,
3;188,197,216;,
3;197,188,190;,
3;217,216,197;,
3;199,217,197;,
3;217,214,191;,
3;193,217,191;,
3;217,215,194;,
3;196,217,194;,
3;218,219,220;,
3;219,218,221;,
3;222,223,224;,
3;223,222,225;,
3;226,227,228;,
3;227,226,229;,
3;230,231,232;,
3;231,230,221;,
3;233,234,235;,
3;234,233,225;,
3;236,237,238;,
3;237,236,229;,
3;220,239,218;,
3;224,240,222;,
3;239,241,226;,
3;228,239,226;,
3;241,229,226;,
3;229,241,237;,
3;242,225,222;,
3;225,242,234;,
3;222,240,242;,
3;243,221,218;,
3;221,243,231;,
3;218,239,243;,
3;219,230,244;,
3;230,219,221;,
3;223,233,245;,
3;233,223,225;,
3;227,236,246;,
3;236,227,229;,
3;247,246,236;,
3;238,247,236;,
3;247,244,230;,
3;232,247,230;,
3;247,245,233;,
3;235,247,233;,
3;175,174,178;,
3;248,249,250;,
3;248,250,251;,
3;250,249,252;,
3;251,250,252;;

MeshNormals {
253; // 253 normals 
-0.119610;0.992789;0.008013;,
-0.357290;0.870117;-0.339471;,
-0.203456;0.964018;-0.171101;,
-0.302039;0.944486;-0.129301;,
0.361784;0.734080;0.574664;,
0.217602;0.903382;0.369527;,
0.609328;0.778907;0.148403;,
0.315414;0.922448;-0.222719;,
-0.047742;0.994176;-0.096618;,
0.538618;0.627975;-0.561728;,
-0.974727;0.223352;-0.004593;,
-0.974727;0.223352;-0.004593;,
-0.974727;0.223352;-0.004593;,
-0.975107;0.221736;0.000000;,
-0.975107;0.221736;0.000000;,
-0.975107;0.221736;0.000000;,
-0.998413;0.056127;-0.004703;,
-0.998413;0.056127;-0.004703;,
-0.998413;0.056127;-0.004703;,
-0.998292;0.058414;0.000254;,
-0.998292;0.058414;0.000254;,
-0.998292;0.058414;0.000254;,
-0.996203;-0.087061;0.000254;,
-0.996203;-0.087061;0.000254;,
-0.996203;-0.087061;0.000254;,
-0.996203;-0.087062;0.000251;,
-0.996203;-0.087062;0.000251;,
-0.996203;-0.087062;0.000251;,
-0.991331;-0.131384;0.000249;,
-0.991331;-0.131384;0.000249;,
-0.991331;-0.131384;0.000249;,
-0.991332;-0.131384;0.000254;,
-0.991332;-0.131384;0.000254;,
-0.991332;-0.131384;0.000254;,
0.490930;-0.150270;-0.858141;,
0.490930;-0.150270;-0.858141;,
0.490930;-0.150270;-0.858141;,
0.494428;-0.148871;-0.856375;,
0.494428;-0.148871;-0.856375;,
0.494428;-0.148871;-0.856375;,
0.496169;0.040026;-0.867303;,
0.496169;0.040026;-0.867303;,
0.496169;0.040026;-0.867303;,
0.499290;0.038351;-0.865586;,
0.499290;0.038351;-0.865586;,
0.499290;0.038351;-0.865586;,
0.496287;0.111779;-0.860932;,
0.496287;0.111779;-0.860932;,
0.496287;0.111779;-0.860932;,
0.501153;0.110357;-0.858293;,
0.501153;0.110357;-0.858293;,
0.501153;0.110357;-0.858293;,
0.501352;0.098135;-0.859660;,
0.501352;0.098135;-0.859660;,
0.501352;0.098135;-0.859660;,
0.496340;0.098162;-0.862560;,
0.496340;0.098162;-0.862560;,
0.496340;0.098162;-0.862561;,
0.500319;0.036354;0.865078;,
0.500319;0.036354;0.865078;,
0.500319;0.036354;0.865078;,
0.499660;0.036878;0.865436;,
0.499660;0.036878;0.865436;,
0.499660;0.036878;0.865436;,
0.500289;0.037948;0.865026;,
0.500289;0.037948;0.865026;,
0.500289;0.037948;0.865026;,
0.499747;0.037662;0.865352;,
0.499747;0.037662;0.865352;,
0.499747;0.037662;0.865352;,
0.496820;0.110208;0.860828;,
0.496820;0.110208;0.860828;,
0.496820;0.110208;0.860828;,
0.501538;0.112914;0.857735;,
0.501538;0.112914;0.857735;,
0.501538;0.112914;0.857735;,
0.501781;0.098796;0.859334;,
0.501781;0.098796;0.859334;,
0.501781;0.098796;0.859334;,
0.496838;0.097248;0.862378;,
0.496838;0.097248;0.862378;,
0.496838;0.097248;0.862378;,
-0.997852;-0.065513;0.000000;,
-0.997852;-0.065513;0.000000;,
-0.997852;-0.065513;0.000000;,
-0.997915;-0.064371;-0.004700;,
-0.997915;-0.064371;-0.004700;,
-0.997915;-0.064371;-0.004700;,
-0.998309;0.058136;0.000254;,
-0.998309;0.058136;0.000254;,
-0.998309;0.058136;0.000254;,
-0.998388;0.056569;-0.004703;,
-0.998388;0.056569;-0.004703;,
-0.998388;0.056569;-0.004703;,
-0.988828;0.149058;0.000251;,
-0.988828;0.149058;0.000251;,
-0.988828;0.149058;0.000251;,
-0.988828;0.149059;0.000255;,
-0.988828;0.149059;0.000255;,
-0.988828;0.149059;0.000255;,
-0.999195;0.040106;0.000253;,
-0.999195;0.040106;0.000253;,
-0.999195;0.040106;0.000253;,
-0.999195;0.040107;0.000256;,
-0.999195;0.040107;0.000256;,
-0.999195;0.040107;0.000256;,
0.499990;0.006353;-0.866008;,
0.499990;0.006353;-0.866008;,
0.499990;0.006353;-0.866008;,
0.496563;0.004453;-0.867989;,
0.496563;0.004453;-0.867989;,
0.496563;0.004453;-0.867989;,
0.499293;0.038281;-0.865587;,
0.499293;0.038281;-0.865587;,
0.499293;0.038281;-0.865587;,
0.496181;0.039440;-0.867323;,
0.496181;0.039440;-0.867323;,
0.496181;0.039440;-0.867323;,
0.499443;-0.043949;-0.865231;,
0.499443;-0.043949;-0.865231;,
0.499443;-0.043949;-0.865231;,
0.498956;-0.043807;-0.865520;,
0.498956;-0.043807;-0.865520;,
0.498956;-0.043807;-0.865520;,
0.504558;-0.002360;-0.863374;,
0.504558;-0.002360;-0.863374;,
0.504558;-0.002360;-0.863374;,
0.499833;-0.001608;-0.866120;,
0.499833;-0.001608;-0.866120;,
0.499833;-0.001608;-0.866120;,
0.492394;0.173752;0.852853;,
0.492394;0.173752;0.852853;,
0.492394;0.173752;0.852853;,
0.493053;0.173536;0.852516;,
0.493053;0.173536;0.852516;,
0.493053;0.173537;0.852516;,
0.499738;0.038044;0.865341;,
0.499738;0.038044;0.865341;,
0.499738;0.038044;0.865341;,
0.500283;0.038238;0.865017;,
0.500283;0.038238;0.865017;,
0.500283;0.038238;0.865017;,
0.499883;-0.043942;0.864977;,
0.499883;-0.043942;0.864977;,
0.499883;-0.043942;0.864977;,
0.499380;-0.043956;0.865267;,
0.499380;-0.043956;0.865268;,
0.499380;-0.043956;0.865267;,
0.505002;-0.002358;0.863115;,
0.505002;-0.002358;0.863115;,
0.505002;-0.002358;0.863115;,
0.500279;-0.001606;0.865863;,
0.500279;-0.001606;0.865863;,
0.500279;-0.001606;0.865863;,
-0.013491;0.993903;-0.109429;,
-0.019530;0.810848;-0.584931;,
-0.091375;0.757869;-0.645976;,
0.299813;0.945506;-0.127006;,
-0.057332;0.979396;0.193641;,
0.204407;0.950708;0.233177;,
-0.171994;0.888125;-0.426206;,
-0.111659;0.722626;-0.682161;,
0.144846;0.976673;-0.158521;,
0.298206;0.723694;-0.622366;,
-0.326749;0.859514;-0.393029;,
0.559812;0.826447;0.059964;,
-0.146366;0.954468;0.259938;,
-0.528466;0.804221;-0.271940;,
-0.238995;0.919918;0.310858;,
-0.053209;0.994746;-0.087459;,
0.110971;0.864658;-0.489952;,
0.251454;0.931910;0.261372;,
-0.056197;0.934933;0.350346;,
-0.039886;0.992536;0.115244;,
0.249057;0.964675;0.085872;,
-0.125425;0.967910;-0.217757;,
0.216710;0.920164;0.326091;,
-0.395811;0.838470;-0.374570;,
0.117035;0.904785;-0.409471;,
-0.982657;0.178585;-0.049922;,
-0.578791;-0.214699;0.786706;,
-0.582141;0.261082;0.770031;,
-0.974161;-0.223536;-0.032296;,
0.582493;0.219539;-0.782627;,
-0.438132;-0.186294;-0.879395;,
-0.415475;0.220509;-0.882472;,
0.607347;-0.125785;-0.784416;,
0.294140;0.299187;0.907727;,
0.967810;-0.177675;0.178259;,
0.937413;0.317505;0.142997;,
0.287555;-0.182833;0.940151;,
-0.748817;-0.662774;0.001987;,
-0.438132;-0.186294;-0.879395;,
-0.348272;-0.668580;-0.657044;,
0.489428;-0.619013;-0.614234;,
0.967810;-0.177675;0.178259;,
0.689727;-0.706564;0.158254;,
0.218737;-0.669192;0.710166;,
-0.578791;-0.214699;0.786706;,
-0.433766;-0.685240;0.585059;,
-0.493289;0.535502;0.685495;,
-0.022363;0.999612;0.016595;,
-0.862223;0.506524;0.002450;,
-0.390605;0.508221;-0.767554;,
-0.022363;0.999612;0.016595;,
0.482423;0.517838;-0.706478;,
-0.493289;0.535502;0.685495;,
0.167169;0.552757;0.816403;,
0.803745;0.566814;0.180874;,
-0.582141;0.261082;0.770031;,
0.937413;0.317505;0.142997;,
0.803745;0.566814;0.180874;,
-0.415475;0.220509;-0.882472;,
-0.390605;0.508221;-0.767554;,
-0.433766;-0.685240;0.585059;,
-0.348272;-0.668580;-0.657044;,
0.689727;-0.706564;0.158254;,
-0.026342;-0.998019;0.057127;,
-0.154156;0.377556;0.913065;,
0.721435;-0.142872;0.677584;,
0.654884;0.415878;0.631009;,
-0.146942;-0.143200;0.978725;,
-0.668272;0.405373;-0.623767;,
-0.936357;-0.104899;0.335011;,
-0.862923;0.412146;0.292403;,
-0.716223;-0.044835;-0.696430;,
0.880628;0.443897;-0.165681;,
0.292227;-0.102612;-0.950828;,
0.226278;0.473845;-0.851040;,
0.977425;-0.110658;-0.179987;,
-0.084858;-0.662774;0.743995;,
-0.936357;-0.104899;0.335011;,
-0.692997;-0.668580;0.269732;,
-0.553337;-0.619013;-0.557352;,
0.292227;-0.102612;-0.950828;,
0.237166;-0.706564;-0.666723;,
0.730739;-0.669193;-0.134911;,
0.721435;-0.142872;0.677584;,
0.530813;-0.685240;0.498682;,
-0.027293;0.998984;0.035852;,
-0.027293;0.998984;0.035852;,
0.654884;0.415878;0.631009;,
0.226278;0.473845;-0.851040;,
-0.862923;0.412146;0.292403;,
0.530813;-0.685240;0.498682;,
-0.692997;-0.668580;0.269732;,
0.237166;-0.706564;-0.666723;,
0.053687;-0.998019;0.032788;,
0.468247;0.816392;-0.338006;,
-0.104356;0.696723;-0.709709;,
-0.044260;0.964767;-0.259358;,
0.032420;0.970665;0.238240;,
-0.538681;0.814847;-0.214121;;

164; // 164 faces 
3;0,1,2;,
3;1,0,3;,
3;2,4,0;,
3;5,6,7;,
3;5,7,8;,
3;6,9,7;,
3;7,9,8;,
3;10,11,12;,
3;13,14,15;,
3;16,17,18;,
3;19,20,21;,
3;22,23,24;,
3;25,26,27;,
3;28,29,30;,
3;31,32,33;,
3;34,35,36;,
3;37,38,39;,
3;40,41,42;,
3;43,44,45;,
3;46,47,48;,
3;49,50,51;,
3;52,53,54;,
3;55,56,57;,
3;58,59,60;,
3;61,62,63;,
3;64,65,66;,
3;67,68,69;,
3;70,71,72;,
3;73,74,75;,
3;76,77,78;,
3;79,80,81;,
3;82,83,84;,
3;85,86,87;,
3;88,89,90;,
3;91,92,93;,
3;94,95,96;,
3;97,98,99;,
3;100,101,102;,
3;103,104,105;,
3;106,107,108;,
3;109,110,111;,
3;112,113,114;,
3;115,116,117;,
3;118,119,120;,
3;121,122,123;,
3;124,125,126;,
3;127,128,129;,
3;130,131,132;,
3;133,134,135;,
3;136,137,138;,
3;139,140,141;,
3;142,143,144;,
3;145,146,147;,
3;148,149,150;,
3;151,152,153;,
3;154,155,156;,
3;155,154,157;,
3;158,157,154;,
3;157,158,159;,
3;156,160,154;,
3;154,160,158;,
3;161,162,163;,
3;162,161,164;,
3;163,162,165;,
3;162,164,166;,
3;165,162,166;,
3;167,168,169;,
3;167,169,170;,
3;171,168,172;,
3;168,171,169;,
3;169,171,170;,
3;173,174,175;,
3;174,173,176;,
3;173,175,177;,
3;175,178,177;,
3;179,180,181;,
3;180,179,182;,
3;183,184,185;,
3;184,183,186;,
3;187,188,189;,
3;188,187,190;,
3;191,192,193;,
3;192,191,182;,
3;194,195,196;,
3;195,194,186;,
3;197,198,199;,
3;198,197,190;,
3;200,201,202;,
3;203,204,205;,
3;201,206,207;,
3;205,185,203;,
3;185,205,183;,
3;202,181,200;,
3;181,202,179;,
3;207,189,208;,
3;189,207,187;,
3;209,190,187;,
3;190,209,198;,
3;209,207,206;,
3;207,209,187;,
3;210,186,183;,
3;186,210,195;,
3;210,205,211;,
3;205,210,183;,
3;212,182,179;,
3;182,212,192;,
3;212,202,213;,
3;202,212,179;,
3;204,211,205;,
3;201,213,202;,
3;208,201,207;,
3;180,191,214;,
3;191,180,182;,
3;184,194,215;,
3;194,184,186;,
3;188,197,216;,
3;197,188,190;,
3;217,216,197;,
3;199,217,197;,
3;217,214,191;,
3;193,217,191;,
3;217,215,194;,
3;196,217,194;,
3;218,219,220;,
3;219,218,221;,
3;222,223,224;,
3;223,222,225;,
3;226,227,228;,
3;227,226,229;,
3;230,231,232;,
3;231,230,221;,
3;233,234,235;,
3;234,233,225;,
3;236,237,238;,
3;237,236,229;,
3;220,239,218;,
3;224,240,222;,
3;239,241,226;,
3;228,239,226;,
3;241,229,226;,
3;229,241,237;,
3;242,225,222;,
3;225,242,234;,
3;222,240,242;,
3;243,221,218;,
3;221,243,231;,
3;218,239,243;,
3;219,230,244;,
3;230,219,221;,
3;223,233,245;,
3;233,223,225;,
3;227,236,246;,
3;236,227,229;,
3;247,246,236;,
3;238,247,236;,
3;247,244,230;,
3;232,247,230;,
3;247,245,233;,
3;235,247,233;,
3;175,174,178;,
3;248,249,250;,
3;248,250,251;,
3;250,249,252;,
3;251,250,252;;
}
MeshMaterialList {
 1; // Number of unique materials
 164; // Number of faces
0,0,0,0,0,0,0,0,0,0,0,0,0,0,0,0,0,0,0,0,0,0,0,0,0,0,0,0,0,0,0,0,0,0,0,0,0,0,0,0,0,0,0,0,0,0,0,0,0,0,0,0,0,0,0,0,0,0,0,0,0,0,0,0,0,0,0,0,0,0,0,0,0,0,0,0,0,0,0,0,0,0,0,0,0,0,0,0,0,0,0,0,0,0,0,0,0,0,0,0,0,0,0,0,0,0,0,0,0,0,0,0,0,0,0,0,0,0,0,0,0,0,0,0,0,0,0,0,0,0,0,0,0,0,0,0,0,0,0,0,0,0,0,0,0,0,0,0,0,0,0,0,0,0,0,0,0,0,0,0,0,0,0,0;;
Material {
0.784314;0.784314;0.784314;1.000000;;
128000.0;
0.900000;0.900000;0.900000;;
1.000000;0.000000;0.000000;;
TextureFilename {"model/04deco/v5/blockworld/05plants/03flower/Flower06.dds";}
}
}// materials
MeshTextureCoords {
253; // 253 UV
0.796638;-0.317266;,
0.602665;-0.644429;,
0.796929;-0.643356;,
0.650789;-0.425889;,
0.939488;-0.425889;,
0.602665;-0.644429;,
0.796638;-0.986388;,
0.796929;-0.643356;,
0.796638;-0.317266;,
0.987612;-0.644429;,
0.004369;-0.004497;,
0.295793;-0.301823;,
0.295794;-0.004497;,
0.295793;-0.301823;,
0.004369;-0.004497;,
0.004369;-0.301823;,
0.295793;-0.301823;,
0.501181;-0.004497;,
0.295794;-0.004497;,
0.501181;-0.004497;,
0.295793;-0.301823;,
0.500997;-0.301823;,
0.500997;-0.301823;,
0.674928;-0.004497;,
0.501181;-0.004497;,
0.674928;-0.004497;,
0.500997;-0.301823;,
0.676554;-0.301823;,
0.676554;-0.301823;,
0.996393;-0.004497;,
0.674928;-0.004497;,
0.996393;-0.004497;,
0.676554;-0.301823;,
0.996150;-0.301823;,
0.004369;-0.004497;,
0.295793;-0.301823;,
0.295794;-0.004497;,
0.295793;-0.301823;,
0.004369;-0.004497;,
0.004369;-0.301823;,
0.295793;-0.301823;,
0.501181;-0.004497;,
0.295794;-0.004497;,
0.501181;-0.004497;,
0.295793;-0.301823;,
0.500997;-0.301823;,
0.500997;-0.301823;,
0.674928;-0.004497;,
0.501181;-0.004497;,
0.674928;-0.004497;,
0.500997;-0.301823;,
0.676554;-0.301823;,
0.676554;-0.301823;,
0.996393;-0.004497;,
0.674928;-0.004497;,
0.996393;-0.004497;,
0.676554;-0.301823;,
0.996150;-0.301823;,
0.004369;-0.301823;,
0.295794;-0.004497;,
0.295793;-0.301823;,
0.295794;-0.004497;,
0.004369;-0.301823;,
0.004369;-0.004497;,
0.295794;-0.004497;,
0.500997;-0.301823;,
0.295793;-0.301823;,
0.500997;-0.301823;,
0.295794;-0.004497;,
0.501181;-0.004497;,
0.501181;-0.004497;,
0.676554;-0.301823;,
0.500997;-0.301823;,
0.676554;-0.301823;,
0.501181;-0.004497;,
0.674928;-0.004497;,
0.674928;-0.004497;,
0.996150;-0.301823;,
0.676554;-0.301823;,
0.996150;-0.301823;,
0.674928;-0.004497;,
0.996393;-0.004497;,
0.295793;-0.301823;,
0.004369;-0.004497;,
0.004369;-0.301823;,
0.004369;-0.004497;,
0.295793;-0.301823;,
0.295794;-0.004497;,
0.501181;-0.004497;,
0.295793;-0.301823;,
0.500997;-0.301823;,
0.295793;-0.301823;,
0.501181;-0.004497;,
0.295794;-0.004497;,
0.500997;-0.301823;,
0.770302;-0.004497;,
0.501181;-0.004497;,
0.770302;-0.004497;,
0.500997;-0.301823;,
0.775708;-0.301823;,
0.775708;-0.301823;,
0.996393;-0.004497;,
0.770302;-0.004497;,
0.996393;-0.004497;,
0.775708;-0.301823;,
0.996150;-0.301823;,
0.295793;-0.301823;,
0.004369;-0.004497;,
0.004369;-0.301823;,
0.004369;-0.004497;,
0.295793;-0.301823;,
0.295794;-0.004497;,
0.501181;-0.004497;,
0.295793;-0.301823;,
0.500997;-0.301823;,
0.295793;-0.301823;,
0.501181;-0.004497;,
0.295794;-0.004497;,
0.500997;-0.301823;,
0.770302;-0.004497;,
0.501181;-0.004497;,
0.770302;-0.004497;,
0.500997;-0.301823;,
0.775708;-0.301823;,
0.775708;-0.301823;,
0.996393;-0.004497;,
0.770302;-0.004497;,
0.996393;-0.004497;,
0.775708;-0.301823;,
0.996150;-0.301823;,
0.295794;-0.004497;,
0.004369;-0.301823;,
0.004369;-0.004497;,
0.004369;-0.301823;,
0.295794;-0.004497;,
0.295793;-0.301823;,
0.500997;-0.301823;,
0.295794;-0.004497;,
0.501181;-0.004497;,
0.295794;-0.004497;,
0.500997;-0.301823;,
0.295793;-0.301823;,
0.501181;-0.004497;,
0.775708;-0.301823;,
0.500997;-0.301823;,
0.775708;-0.301823;,
0.501181;-0.004497;,
0.770302;-0.004497;,
0.996393;-0.004497;,
0.775708;-0.301823;,
0.770302;-0.004497;,
0.775708;-0.301823;,
0.996393;-0.004497;,
0.996150;-0.301823;,
0.796929;-0.643356;,
0.633902;-0.865465;,
0.796638;-0.986388;,
0.602665;-0.644429;,
0.796638;-0.317266;,
0.650789;-0.425889;,
0.987612;-0.644429;,
0.633902;-0.865465;,
0.796929;-0.643356;,
0.602665;-0.644429;,
0.796638;-0.986388;,
0.796638;-0.317266;,
0.987612;-0.644429;,
0.602665;-0.644429;,
0.796638;-0.986388;,
0.796929;-0.643356;,
0.796638;-0.317266;,
0.987612;-0.644429;,
0.956375;-0.865465;,
0.602665;-0.644429;,
0.956375;-0.865465;,
0.796929;-0.643356;,
0.633902;-0.865465;,
0.796638;-0.317266;,
0.987612;-0.644429;,
0.319833;-0.673705;,
0.059092;-0.534522;,
0.074838;-0.676105;,
0.329855;-0.532424;,
0.309813;-0.673803;,
0.059092;-0.534522;,
0.074838;-0.676105;,
0.318782;-0.532510;,
0.302446;-0.673876;,
0.059092;-0.534522;,
0.074838;-0.676105;,
0.310640;-0.532573;,
0.328506;-0.417646;,
0.574050;-0.530470;,
0.418822;-0.385927;,
0.319714;-0.423054;,
0.574050;-0.530470;,
0.406862;-0.373161;,
0.313630;-0.415918;,
0.574050;-0.530470;,
0.414063;-0.380847;,
0.138696;-0.819670;,
0.301148;-0.987753;,
0.311800;-0.822953;,
0.138696;-0.819670;,
0.301147;-0.987753;,
0.303878;-0.823060;,
0.492213;-0.788136;,
0.298053;-0.823138;,
0.138696;-0.819670;,
0.548004;-0.671470;,
0.548004;-0.671470;,
0.492213;-0.788136;,
0.548004;-0.671470;,
0.492213;-0.788136;,
0.228390;-0.383159;,
0.223581;-0.388358;,
0.235666;-0.375292;,
0.322166;-0.315794;,
0.319833;-0.673705;,
0.059092;-0.534522;,
0.074838;-0.676105;,
0.329855;-0.532424;,
0.309813;-0.673803;,
0.059092;-0.534522;,
0.074838;-0.676105;,
0.318782;-0.532510;,
0.302446;-0.673876;,
0.059092;-0.534522;,
0.074838;-0.676105;,
0.310640;-0.532573;,
0.328506;-0.417646;,
0.574050;-0.530470;,
0.429476;-0.388163;,
0.319714;-0.423054;,
0.574050;-0.530470;,
0.416211;-0.375396;,
0.313630;-0.415918;,
0.574050;-0.530470;,
0.424198;-0.383083;,
0.301148;-0.987753;,
0.301147;-0.987753;,
0.548004;-0.671470;,
0.548004;-0.671470;,
0.548004;-0.671470;,
0.218260;-0.385395;,
0.212927;-0.390594;,
0.226331;-0.377528;,
0.322166;-0.315794;,
0.602665;-0.644429;,
0.796638;-0.986388;,
0.796929;-0.643356;,
0.796638;-0.317266;,
0.987612;-0.644429;;
}// UV
}// mesh
