xof 0303txt 0032
// Exported by ParaEngine X file exporter V0.2
ParaXHeader header{
112,97,114,97;
1,0,0,0;
1;
0;
-0.238227;-0.500000;-0.500611;;
0.500611;0.499965;0.500611;;
3;
}
Mesh mesh_object{
68; // 68 vertices 
0.175979;-0.500000;-0.500611;,
-0.175979;-0.500000;0.500611;,
-0.175979;-0.500000;-0.500611;,
0.175979;-0.500000;0.500611;,
-0.175979;0.303379;0.500611;,
0.175979;0.303379;-0.500611;,
-0.175979;0.303379;-0.500611;,
0.175979;0.303379;0.500611;,
0.175979;0.303379;0.500611;,
0.175979;-0.500000;-0.500611;,
0.175979;0.303379;-0.500611;,
0.175979;-0.500000;0.500611;,
-0.175979;0.303379;-0.500611;,
-0.175979;-0.500000;0.500611;,
-0.175979;0.303379;0.500611;,
-0.175979;-0.500000;-0.500611;,
-0.175979;-0.500000;-0.500611;,
0.175979;0.303379;-0.500611;,
0.175979;-0.500000;-0.500611;,
-0.175979;0.303379;-0.500611;,
0.175979;-0.500000;0.500611;,
-0.175979;0.303379;0.500611;,
-0.175979;-0.500000;0.500611;,
0.175979;0.303379;0.500611;,
-0.238227;-0.498322;-0.238573;,
0.238227;-0.498322;0.238573;,
-0.238227;-0.498322;0.238572;,
0.238227;-0.498322;-0.238572;,
0.238227;0.499965;0.238573;,
-0.238227;0.499965;-0.238573;,
-0.238227;0.499965;0.238572;,
0.238227;0.499965;-0.238572;,
0.238227;0.499965;-0.238572;,
-0.238227;-0.498322;-0.238573;,
-0.238227;0.499965;-0.238573;,
0.238227;-0.498322;-0.238572;,
-0.238227;0.499965;0.238572;,
0.238227;-0.498322;0.238573;,
0.238227;0.499965;0.238573;,
-0.238227;-0.498322;0.238572;,
-0.238227;-0.498322;0.238572;,
-0.238227;0.499965;-0.238573;,
-0.238227;-0.498322;-0.238573;,
-0.238227;0.499965;0.238572;,
0.238227;-0.498322;-0.238572;,
0.238227;0.499965;0.238573;,
0.238227;-0.498322;0.238573;,
0.238227;0.499965;-0.238572;,
-0.165633;-0.500000;-0.175979;,
0.500611;-0.500000;0.175979;,
-0.165633;-0.500000;0.175979;,
0.500611;-0.500000;-0.175979;,
0.500611;0.303379;0.175979;,
-0.165633;0.303379;-0.175979;,
-0.165633;0.303379;0.175979;,
0.500611;0.303379;-0.175979;,
0.500611;0.303379;-0.175979;,
-0.165633;-0.500000;-0.175979;,
-0.165633;0.303379;-0.175979;,
0.500611;-0.500000;-0.175979;,
-0.165633;0.303379;0.175979;,
0.500611;-0.500000;0.175979;,
0.500611;0.303379;0.175979;,
-0.165633;-0.500000;0.175979;,
0.500611;-0.500000;-0.175979;,
0.500611;0.303379;0.175979;,
0.500611;-0.500000;0.175979;,
0.500611;0.303379;-0.175979;;

34; // 34 faces 
3;0,1,2;,
3;1,0,3;,
3;4,5,6;,
3;5,4,7;,
3;8,9,10;,
3;9,8,11;,
3;12,13,14;,
3;13,12,15;,
3;16,17,18;,
3;17,16,19;,
3;20,21,22;,
3;21,20,23;,
3;24,25,26;,
3;25,24,27;,
3;28,29,30;,
3;29,28,31;,
3;32,33,34;,
3;33,32,35;,
3;36,37,38;,
3;37,36,39;,
3;40,41,42;,
3;41,40,43;,
3;44,45,46;,
3;45,44,47;,
3;48,49,50;,
3;49,48,51;,
3;52,53,54;,
3;53,52,55;,
3;56,57,58;,
3;57,56,59;,
3;60,61,62;,
3;61,60,63;,
3;64,65,66;,
3;65,64,67;;

MeshNormals {
68; // 68 normals 
0.000000;-1.000000;0.000000;,
0.000000;-1.000000;0.000000;,
0.000000;-1.000000;0.000000;,
0.000000;-1.000000;0.000000;,
0.000000;1.000000;0.000000;,
0.000000;1.000000;0.000000;,
0.000000;1.000000;0.000000;,
0.000000;1.000000;0.000000;,
1.000000;0.000000;0.000000;,
1.000000;0.000000;0.000000;,
1.000000;0.000000;0.000000;,
1.000000;0.000000;0.000000;,
-1.000000;0.000000;-0.000000;,
-1.000000;0.000000;-0.000000;,
-1.000000;0.000000;-0.000000;,
-1.000000;0.000000;-0.000000;,
0.000000;0.000000;-1.000000;,
0.000000;0.000000;-1.000000;,
0.000000;0.000000;-1.000000;,
0.000000;0.000000;-1.000000;,
-0.000000;0.000000;1.000000;,
-0.000000;0.000000;1.000000;,
-0.000000;0.000000;1.000000;,
-0.000000;0.000000;1.000000;,
0.000000;-1.000000;0.000000;,
0.000000;-1.000000;0.000000;,
0.000000;-1.000000;0.000000;,
0.000000;-1.000000;0.000000;,
0.000000;1.000000;0.000000;,
0.000000;1.000000;0.000000;,
0.000000;1.000000;0.000000;,
0.000000;1.000000;0.000000;,
0.000001;0.000000;-1.000000;,
0.000001;-0.000000;-1.000000;,
0.000001;-0.000000;-1.000000;,
0.000001;0.000000;-1.000000;,
-0.000001;-0.000000;1.000000;,
-0.000001;-0.000000;1.000000;,
-0.000001;-0.000000;1.000000;,
-0.000001;-0.000000;1.000000;,
-1.000000;0.000000;-0.000000;,
-1.000000;0.000000;-0.000000;,
-1.000000;0.000000;-0.000000;,
-1.000000;0.000000;-0.000000;,
1.000000;0.000000;0.000000;,
1.000000;0.000000;0.000000;,
1.000000;0.000000;0.000000;,
1.000000;0.000000;0.000000;,
0.000000;-1.000000;0.000000;,
0.000000;-1.000000;0.000000;,
0.000000;-1.000000;0.000000;,
0.000000;-1.000000;0.000000;,
0.000000;1.000000;0.000000;,
0.000000;1.000000;0.000000;,
0.000000;1.000000;0.000000;,
0.000000;1.000000;0.000000;,
0.000000;0.000000;-1.000000;,
0.000000;0.000000;-1.000000;,
0.000000;0.000000;-1.000000;,
0.000000;0.000000;-1.000000;,
-0.000000;0.000000;1.000000;,
-0.000000;0.000000;1.000000;,
-0.000000;0.000000;1.000000;,
-0.000000;0.000000;1.000000;,
1.000000;0.000000;0.000000;,
1.000000;0.000000;0.000000;,
1.000000;0.000000;0.000000;,
1.000000;0.000000;0.000000;;

34; // 34 faces 
3;0,1,2;,
3;1,0,3;,
3;4,5,6;,
3;5,4,7;,
3;8,9,10;,
3;9,8,11;,
3;12,13,14;,
3;13,12,15;,
3;16,17,18;,
3;17,16,19;,
3;20,21,22;,
3;21,20,23;,
3;24,25,26;,
3;25,24,27;,
3;28,29,30;,
3;29,28,31;,
3;32,33,34;,
3;33,32,35;,
3;36,37,38;,
3;37,36,39;,
3;40,41,42;,
3;41,40,43;,
3;44,45,46;,
3;45,44,47;,
3;48,49,50;,
3;49,48,51;,
3;52,53,54;,
3;53,52,55;,
3;56,57,58;,
3;57,56,59;,
3;60,61,62;,
3;61,60,63;,
3;64,65,66;,
3;65,64,67;;
}
MeshMaterialList {
 1; // Number of unique materials
 34; // Number of faces
0,0,0,0,0,0,0,0,0,0,0,0,0,0,0,0,0,0,0,0,0,0,0,0,0,0,0,0,0,0,0,0,0,0;;
Material {
0.588000;0.588000;0.588000;1.000000;;
0.0;
0.900000;0.900000;0.900000;;
1.000000;0.000000;0.000000;;
TextureFilename {"Texture/blocks/stonebrick.png;2";}
}
}// materials
MeshTextureCoords {
68; // 68 UV
0.855474;-0.992326;,
0.375645;-0.139968;,
0.375645;-0.992326;,
0.855474;-0.139968;,
0.516011;-0.992326;,
0.955289;-0.139968;,
0.516011;-0.139968;,
0.955289;-0.992326;,
0.999500;-0.989952;,
0.000499;-0.000499;,
0.000499;-0.989952;,
0.999500;-0.000499;,
0.999500;-0.989952;,
0.000499;-0.000499;,
0.000499;-0.989952;,
0.999500;-0.000499;,
0.260816;-0.000499;,
0.739183;-0.999500;,
0.739183;-0.000499;,
0.260816;-0.999500;,
0.260816;-0.000499;,
0.739183;-0.999500;,
0.739183;-0.000499;,
0.260816;-0.999500;,
0.985233;-0.566095;,
0.334735;-0.090223;,
0.334735;-0.566095;,
0.985232;-0.090223;,
0.334735;-0.494113;,
0.985233;-0.018240;,
0.334735;-0.018240;,
0.985233;-0.494113;,
0.737698;-0.992524;,
0.262301;-0.000499;,
0.262301;-0.992524;,
0.737698;-0.000499;,
0.737698;-0.992524;,
0.262301;-0.000500;,
0.262301;-0.992524;,
0.737698;-0.000500;,
0.175742;-0.000499;,
0.824258;-0.992524;,
0.824258;-0.000499;,
0.175742;-0.992524;,
0.175742;-0.000499;,
0.824258;-0.992524;,
0.824258;-0.000500;,
0.175742;-0.992524;,
0.855474;-0.707154;,
0.375645;-0.139968;,
0.375645;-0.707154;,
0.855474;-0.139968;,
0.516011;-0.992326;,
0.955289;-0.425140;,
0.516011;-0.425141;,
0.955289;-0.992326;,
0.999500;-0.989952;,
0.334734;-0.000499;,
0.334734;-0.989952;,
0.999500;-0.000499;,
0.665266;-0.989952;,
0.000499;-0.000499;,
0.000499;-0.989952;,
0.665266;-0.000499;,
0.260816;-0.000499;,
0.739183;-0.999500;,
0.739183;-0.000499;,
0.260816;-0.999500;;
}// UV
}// mesh
