xof 0303txt 0032
// Exported by ParaEngine X file exporter V0.2
ParaXHeader header{
112,97,114,97;
1,0,0,0;
1;
0;
-0.147379;-0.500000;-0.500000;;
0.147379;0.500000;0.500000;;
3;
}
Mesh mesh_object{
72; // 72 vertices 
-0.102177;-0.334779;-0.500000;,
0.102177;-0.130424;-0.500000;,
0.102177;-0.334779;-0.500000;,
-0.102177;-0.130424;-0.500000;,
-0.102177;-0.334779;0.500000;,
0.102177;-0.130424;0.500000;,
-0.102177;-0.130424;0.500000;,
0.102177;-0.334779;0.500000;,
-0.102177;-0.334779;-0.500000;,
-0.102177;-0.130424;0.500000;,
-0.102177;-0.130424;-0.500000;,
-0.102177;-0.334779;0.500000;,
-0.102177;-0.130424;-0.500000;,
0.102177;-0.130424;0.500000;,
0.102177;-0.130424;-0.500000;,
-0.102177;-0.130424;0.500000;,
0.102177;-0.130424;-0.500000;,
0.102177;-0.334779;0.500000;,
0.102177;-0.334779;-0.500000;,
0.102177;-0.130424;0.500000;,
0.102177;-0.334779;-0.500000;,
-0.102177;-0.334779;0.500000;,
-0.102177;-0.334779;-0.500000;,
0.102177;-0.334779;0.500000;,
0.102177;0.323779;-0.500000;,
-0.102177;0.119425;-0.500000;,
-0.102177;0.323779;-0.500000;,
0.102177;0.119425;-0.500000;,
0.102177;0.323779;0.500000;,
-0.102177;0.119425;0.500000;,
0.102177;0.119425;0.500000;,
-0.102177;0.323779;0.500000;,
0.102177;0.323779;-0.500000;,
0.102177;0.119425;0.500000;,
0.102177;0.119425;-0.500000;,
0.102177;0.323779;0.500000;,
0.102177;0.119425;-0.500000;,
-0.102177;0.119425;0.500000;,
-0.102177;0.119425;-0.500000;,
0.102177;0.119425;0.500000;,
-0.102177;0.119425;-0.500000;,
-0.102177;0.323779;0.500000;,
-0.102177;0.323779;-0.500000;,
-0.102177;0.119425;0.500000;,
-0.102177;0.323779;-0.500000;,
0.102177;0.323779;0.500000;,
0.102177;0.323779;-0.500000;,
-0.102177;0.323779;0.500000;,
-0.147379;-0.500000;-0.147379;,
0.147379;-0.500000;0.147379;,
-0.147379;-0.500000;0.147379;,
0.147379;-0.500000;-0.147379;,
-0.147379;0.500000;-0.147379;,
0.147379;0.500000;0.147379;,
0.147379;0.500000;-0.147379;,
-0.147379;0.500000;0.147379;,
-0.147379;-0.500000;-0.147379;,
0.147379;0.500000;-0.147379;,
0.147379;-0.500000;-0.147379;,
-0.147379;0.500000;-0.147379;,
0.147379;-0.500000;-0.147379;,
0.147379;0.500000;0.147379;,
0.147379;-0.500000;0.147379;,
0.147379;0.500000;-0.147379;,
0.147379;-0.500000;0.147379;,
-0.147379;0.500000;0.147379;,
-0.147379;-0.500000;0.147379;,
0.147379;0.500000;0.147379;,
-0.147379;-0.500000;0.147379;,
-0.147379;0.500000;-0.147379;,
-0.147379;-0.500000;-0.147379;,
-0.147379;0.500000;0.147379;;

36; // 36 faces 
3;0,1,2;,
3;1,0,3;,
3;4,5,6;,
3;5,4,7;,
3;8,9,10;,
3;9,8,11;,
3;12,13,14;,
3;13,12,15;,
3;16,17,18;,
3;17,16,19;,
3;20,21,22;,
3;21,20,23;,
3;24,25,26;,
3;25,24,27;,
3;28,29,30;,
3;29,28,31;,
3;32,33,34;,
3;33,32,35;,
3;36,37,38;,
3;37,36,39;,
3;40,41,42;,
3;41,40,43;,
3;44,45,46;,
3;45,44,47;,
3;48,49,50;,
3;49,48,51;,
3;52,53,54;,
3;53,52,55;,
3;56,57,58;,
3;57,56,59;,
3;60,61,62;,
3;61,60,63;,
3;64,65,66;,
3;65,64,67;,
3;68,69,70;,
3;69,68,71;;

MeshNormals {
72; // 72 normals 
-0.000001;0.000000;-1.000000;,
-0.000001;0.000000;-1.000000;,
-0.000001;0.000000;-1.000000;,
-0.000001;0.000000;-1.000000;,
0.000001;0.000000;1.000000;,
0.000001;0.000000;1.000000;,
0.000001;0.000000;1.000000;,
0.000001;0.000000;1.000000;,
-1.000000;0.000000;0.000000;,
-1.000000;0.000000;0.000000;,
-1.000000;0.000000;0.000000;,
-1.000000;0.000000;0.000000;,
0.000000;1.000000;0.000000;,
0.000000;1.000000;0.000000;,
0.000000;1.000000;0.000000;,
0.000000;1.000000;0.000000;,
1.000000;0.000000;0.000000;,
1.000000;0.000000;0.000000;,
1.000000;0.000000;0.000000;,
1.000000;0.000000;0.000000;,
0.000000;-1.000000;0.000000;,
0.000000;-1.000000;0.000000;,
0.000000;-1.000000;0.000000;,
0.000000;-1.000000;0.000000;,
0.000001;0.000000;-1.000000;,
0.000001;0.000000;-1.000000;,
0.000001;0.000000;-1.000000;,
0.000001;0.000000;-1.000000;,
-0.000001;-0.000000;1.000000;,
-0.000001;-0.000000;1.000000;,
-0.000001;-0.000000;1.000000;,
-0.000001;0.000000;1.000000;,
1.000000;0.000000;0.000000;,
1.000000;0.000000;0.000000;,
1.000000;0.000000;0.000000;,
1.000000;0.000000;0.000000;,
0.000000;-1.000000;0.000000;,
0.000000;-1.000000;0.000000;,
0.000000;-1.000000;0.000000;,
0.000000;-1.000000;0.000000;,
-1.000000;0.000000;0.000000;,
-1.000000;0.000000;0.000000;,
-1.000000;0.000000;0.000000;,
-1.000000;0.000000;0.000000;,
0.000000;1.000000;0.000000;,
0.000000;1.000000;0.000000;,
0.000000;1.000000;0.000000;,
0.000000;1.000000;0.000000;,
0.000000;-1.000000;0.000000;,
0.000000;-1.000000;0.000000;,
0.000000;-1.000000;0.000000;,
0.000000;-1.000000;0.000000;,
0.000000;1.000000;0.000000;,
0.000000;1.000000;0.000000;,
0.000000;1.000000;0.000000;,
0.000000;1.000000;0.000000;,
0.000000;0.000000;-1.000000;,
0.000000;0.000000;-1.000000;,
0.000000;0.000000;-1.000000;,
0.000000;0.000000;-1.000000;,
1.000000;0.000000;0.000000;,
1.000000;0.000000;0.000000;,
1.000000;0.000000;0.000000;,
1.000000;0.000000;0.000000;,
0.000000;0.000000;1.000000;,
0.000000;0.000000;1.000000;,
0.000000;0.000000;1.000000;,
0.000000;0.000000;1.000000;,
-1.000000;0.000000;0.000000;,
-1.000000;0.000000;0.000000;,
-1.000000;0.000000;0.000000;,
-1.000000;0.000000;0.000000;;

36; // 36 faces 
3;0,1,2;,
3;1,0,3;,
3;4,5,6;,
3;5,4,7;,
3;8,9,10;,
3;9,8,11;,
3;12,13,14;,
3;13,12,15;,
3;16,17,18;,
3;17,16,19;,
3;20,21,22;,
3;21,20,23;,
3;24,25,26;,
3;25,24,27;,
3;28,29,30;,
3;29,28,31;,
3;32,33,34;,
3;33,32,35;,
3;36,37,38;,
3;37,36,39;,
3;40,41,42;,
3;41,40,43;,
3;44,45,46;,
3;45,44,47;,
3;48,49,50;,
3;49,48,51;,
3;52,53,54;,
3;53,52,55;,
3;56,57,58;,
3;57,56,59;,
3;60,61,62;,
3;61,60,63;,
3;64,65,66;,
3;65,64,67;,
3;68,69,70;,
3;69,68,71;;
}
MeshMaterialList {
 1; // Number of unique materials
 36; // Number of faces
0,0,0,0,0,0,0,0,0,0,0,0,0,0,0,0,0,0,0,0,0,0,0,0,0,0,0,0,0,0,0,0,0,0,0,0;;
Material {
0.588000;0.588000;0.588000;1.000000;;
0.0;
0.900000;0.900000;0.900000;;
1.000000;0.000000;0.000000;;
TextureFilename {"Texture/blocks/planks_oak.png;2";}
}
}// materials
MeshTextureCoords {
72; // 72 UV
0.477207;-0.935967;,
0.731453;-0.999000;,
0.477207;-0.999000;,
0.731453;-0.935967;,
0.731453;-0.093794;,
0.477207;0.001000;,
0.477207;-0.093794;,
0.731453;0.001000;,
0.731453;-0.935967;,
0.477207;-0.093794;,
0.477207;-0.935967;,
0.731453;-0.093794;,
0.477207;-0.935967;,
0.222961;-0.093794;,
0.222961;-0.935967;,
0.477207;-0.093794;,
0.222961;-0.935967;,
0.003208;-0.094362;,
0.003208;-0.935978;,
0.222961;-0.093794;,
0.989991;-0.935967;,
0.731453;-0.093794;,
0.731453;-0.935967;,
0.989991;-0.093794;,
0.477207;-0.935967;,
0.731453;-0.999000;,
0.477207;-0.999000;,
0.731453;-0.935967;,
0.731453;-0.093794;,
0.477207;0.001000;,
0.477207;-0.093794;,
0.731453;0.001000;,
0.731453;-0.935967;,
0.477207;-0.093794;,
0.477207;-0.935967;,
0.731453;-0.093794;,
0.477207;-0.935967;,
0.222961;-0.093794;,
0.222961;-0.935967;,
0.477207;-0.093794;,
0.222961;-0.935967;,
0.003208;-0.094362;,
0.003208;-0.935978;,
0.222961;-0.093794;,
0.989991;-0.935967;,
0.731453;-0.093794;,
0.731453;-0.935967;,
0.989991;-0.093794;,
0.477207;-0.935967;,
0.731453;-0.999000;,
0.477207;-0.999000;,
0.731453;-0.935967;,
0.731453;-0.093794;,
0.477207;0.001000;,
0.477207;-0.093794;,
0.731453;0.001000;,
0.731453;-0.935967;,
0.477207;-0.093794;,
0.477207;-0.935967;,
0.731453;-0.093794;,
0.477207;-0.935967;,
0.222961;-0.093794;,
0.222961;-0.935967;,
0.477207;-0.093794;,
0.222961;-0.935967;,
0.003208;-0.094362;,
0.003208;-0.935978;,
0.222961;-0.093794;,
0.989991;-0.935967;,
0.731453;-0.093794;,
0.731453;-0.935967;,
0.989991;-0.093794;;
}// UV
}// mesh
