xof 0303txt 0032
// Exported by ParaEngine X file exporter V0.2
ParaXHeader header{
112,97,114,97;
1,0,0,0;
1;
0;
-0.320000;-0.320007;-0.032000;;
0.320000;0.320000;0.032000;;
3;
}
Mesh mesh_object{
520; // 520 vertices 
-0.320000;-0.300000;-0.032000;,
0.320000;-0.300000;0.032000;,
0.320000;-0.300000;-0.032000;,
-0.320000;-0.300000;0.032000;,
-0.320000;-0.280000;-0.032000;,
0.320000;-0.280000;0.032000;,
0.320000;-0.280000;-0.032000;,
-0.320000;-0.280000;0.032000;,
-0.320000;-0.260000;-0.032000;,
0.320000;-0.260000;0.032000;,
0.320000;-0.260000;-0.032000;,
-0.320000;-0.260000;0.032000;,
-0.320000;-0.240000;-0.032000;,
0.320000;-0.240000;0.032000;,
0.320000;-0.240000;-0.032000;,
-0.320000;-0.240000;0.032000;,
-0.320000;-0.220000;-0.032000;,
0.320000;-0.220000;0.032000;,
0.320000;-0.220000;-0.032000;,
-0.320000;-0.220000;0.032000;,
-0.320000;-0.200000;-0.032000;,
0.320000;-0.200000;0.032000;,
0.320000;-0.200000;-0.032000;,
-0.320000;-0.200000;0.032000;,
-0.320000;-0.180000;-0.032000;,
0.320000;-0.180000;0.032000;,
0.320000;-0.180000;-0.032000;,
-0.320000;-0.180000;0.032000;,
-0.320000;-0.160000;-0.032000;,
0.320000;-0.160000;0.032000;,
0.320000;-0.160000;-0.032000;,
-0.320000;-0.160000;0.032000;,
-0.320000;-0.140000;-0.032000;,
0.320000;-0.140000;0.032000;,
0.320000;-0.140000;-0.032000;,
-0.320000;-0.140000;0.032000;,
-0.320000;-0.120000;-0.032000;,
0.320000;-0.120000;0.032000;,
0.320000;-0.120000;-0.032000;,
-0.320000;-0.120000;0.032000;,
-0.320000;-0.100000;-0.032000;,
0.320000;-0.100000;0.032000;,
0.320000;-0.100000;-0.032000;,
-0.320000;-0.100000;0.032000;,
-0.320000;-0.080000;-0.032000;,
0.320000;-0.080000;0.032000;,
0.320000;-0.080000;-0.032000;,
-0.320000;-0.080000;0.032000;,
-0.320000;-0.060000;-0.032000;,
0.320000;-0.060000;0.032000;,
0.320000;-0.060000;-0.032000;,
-0.320000;-0.060000;0.032000;,
-0.320000;-0.040000;-0.032000;,
0.320000;-0.040000;0.032000;,
0.320000;-0.040000;-0.032000;,
-0.320000;-0.040000;0.032000;,
-0.320000;-0.020000;-0.032000;,
0.320000;-0.020000;0.032000;,
0.320000;-0.020000;-0.032000;,
-0.320000;-0.020000;0.032000;,
-0.320000;-0.000000;-0.032000;,
0.320000;-0.000000;0.032000;,
0.320000;-0.000000;-0.032000;,
-0.320000;-0.000000;0.032000;,
-0.320000;0.020000;-0.032000;,
0.320000;0.020000;0.032000;,
0.320000;0.020000;-0.032000;,
-0.320000;0.020000;0.032000;,
-0.320000;0.040000;-0.032000;,
0.320000;0.040000;0.032000;,
0.320000;0.040000;-0.032000;,
-0.320000;0.040000;0.032000;,
-0.320000;0.060000;-0.032000;,
0.320000;0.060000;0.032000;,
0.320000;0.060000;-0.032000;,
-0.320000;0.060000;0.032000;,
-0.320000;0.080000;-0.032000;,
0.320000;0.080000;0.032000;,
0.320000;0.080000;-0.032000;,
-0.320000;0.080000;0.032000;,
-0.320000;0.100000;-0.032000;,
0.320000;0.100000;0.032000;,
0.320000;0.100000;-0.032000;,
-0.320000;0.100000;0.032000;,
-0.320000;0.120000;-0.032000;,
0.320000;0.120000;0.032000;,
0.320000;0.120000;-0.032000;,
-0.320000;0.120000;0.032000;,
-0.320000;0.140000;-0.032000;,
0.320000;0.140000;0.032000;,
0.320000;0.140000;-0.032000;,
-0.320000;0.140000;0.032000;,
-0.320000;0.160000;-0.032000;,
0.320000;0.160000;0.032000;,
0.320000;0.160000;-0.032000;,
-0.320000;0.160000;0.032000;,
-0.320000;0.180000;-0.032000;,
0.320000;0.180000;0.032000;,
0.320000;0.180000;-0.032000;,
-0.320000;0.180000;0.032000;,
-0.320000;0.200000;-0.032000;,
0.320000;0.200000;0.032000;,
0.320000;0.200000;-0.032000;,
-0.320000;0.200000;0.032000;,
-0.320000;0.220000;-0.032000;,
0.320000;0.220000;0.032000;,
0.320000;0.220000;-0.032000;,
-0.320000;0.220000;0.032000;,
-0.320000;0.240000;-0.032000;,
0.320000;0.240000;0.032000;,
0.320000;0.240000;-0.032000;,
-0.320000;0.240000;0.032000;,
-0.320000;0.260000;-0.032000;,
0.320000;0.260000;0.032000;,
0.320000;0.260000;-0.032000;,
-0.320000;0.260000;0.032000;,
-0.320000;0.280000;-0.032000;,
0.320000;0.280000;0.032000;,
0.320000;0.280000;-0.032000;,
-0.320000;0.280000;0.032000;,
-0.320000;0.300000;-0.032000;,
0.320000;0.300000;0.032000;,
0.320000;0.300000;-0.032000;,
-0.320000;0.300000;0.032000;,
-0.320000;0.320000;-0.032000;,
0.320000;0.320000;0.032000;,
0.320000;0.320000;-0.032000;,
-0.320000;0.320000;0.032000;,
-0.320000;0.299993;0.032000;,
0.320000;0.299993;-0.032000;,
0.320000;0.299993;0.032000;,
-0.320000;0.299993;-0.032000;,
-0.320000;0.279993;0.032000;,
0.320000;0.279993;-0.032000;,
0.320000;0.279993;0.032000;,
-0.320000;0.279993;-0.032000;,
-0.320000;0.259993;0.032000;,
0.320000;0.259993;-0.032000;,
0.320000;0.259993;0.032000;,
-0.320000;0.259993;-0.032000;,
-0.320000;0.239993;0.032000;,
0.320000;0.239993;-0.032000;,
0.320000;0.239993;0.032000;,
-0.320000;0.239993;-0.032000;,
-0.320000;0.219993;0.032000;,
0.320000;0.219993;-0.032000;,
0.320000;0.219993;0.032000;,
-0.320000;0.219993;-0.032000;,
-0.320000;0.199993;0.032000;,
0.320000;0.199993;-0.032000;,
0.320000;0.199993;0.032000;,
-0.320000;0.199993;-0.032000;,
-0.320000;0.179993;0.032000;,
0.320000;0.179993;-0.032000;,
0.320000;0.179993;0.032000;,
-0.320000;0.179993;-0.032000;,
-0.320000;0.159993;0.032000;,
0.320000;0.159993;-0.032000;,
0.320000;0.159993;0.032000;,
-0.320000;0.159993;-0.032000;,
-0.320000;0.139993;0.032000;,
0.320000;0.139993;-0.032000;,
0.320000;0.139993;0.032000;,
-0.320000;0.139993;-0.032000;,
-0.320000;0.119993;0.032000;,
0.320000;0.119993;-0.032000;,
0.320000;0.119993;0.032000;,
-0.320000;0.119993;-0.032000;,
-0.320000;0.099993;0.032000;,
0.320000;0.099993;-0.032000;,
0.320000;0.099993;0.032000;,
-0.320000;0.099993;-0.032000;,
-0.320000;0.079993;0.032000;,
0.320000;0.079993;-0.032000;,
0.320000;0.079993;0.032000;,
-0.320000;0.079993;-0.032000;,
-0.320000;0.059993;0.032000;,
0.320000;0.059993;-0.032000;,
0.320000;0.059993;0.032000;,
-0.320000;0.059993;-0.032000;,
-0.320000;0.039993;0.032000;,
0.320000;0.039993;-0.032000;,
0.320000;0.039993;0.032000;,
-0.320000;0.039993;-0.032000;,
-0.320000;0.019993;0.032000;,
0.320000;0.019993;-0.032000;,
0.320000;0.019993;0.032000;,
-0.320000;0.019993;-0.032000;,
-0.320000;-0.000007;0.032000;,
0.320000;-0.000007;-0.032000;,
0.320000;-0.000007;0.032000;,
-0.320000;-0.000007;-0.032000;,
-0.320000;-0.020007;0.032000;,
0.320000;-0.020007;-0.032000;,
0.320000;-0.020007;0.032000;,
-0.320000;-0.020007;-0.032000;,
-0.320000;-0.040007;0.032000;,
0.320000;-0.040007;-0.032000;,
0.320000;-0.040007;0.032000;,
-0.320000;-0.040007;-0.032000;,
-0.320000;-0.060007;0.032000;,
0.320000;-0.060007;-0.032000;,
0.320000;-0.060007;0.032000;,
-0.320000;-0.060007;-0.032000;,
-0.320000;-0.080007;0.032000;,
0.320000;-0.080007;-0.032000;,
0.320000;-0.080007;0.032000;,
-0.320000;-0.080007;-0.032000;,
-0.320000;-0.100007;0.032000;,
0.320000;-0.100007;-0.032000;,
0.320000;-0.100007;0.032000;,
-0.320000;-0.100007;-0.032000;,
-0.320000;-0.120007;0.032000;,
0.320000;-0.120007;-0.032000;,
0.320000;-0.120007;0.032000;,
-0.320000;-0.120007;-0.032000;,
-0.320000;-0.140007;0.032000;,
0.320000;-0.140007;-0.032000;,
0.320000;-0.140007;0.032000;,
-0.320000;-0.140007;-0.032000;,
-0.320000;-0.160007;0.032000;,
0.320000;-0.160007;-0.032000;,
0.320000;-0.160007;0.032000;,
-0.320000;-0.160007;-0.032000;,
-0.320000;-0.180007;0.032000;,
0.320000;-0.180007;-0.032000;,
0.320000;-0.180007;0.032000;,
-0.320000;-0.180007;-0.032000;,
-0.320000;-0.200007;0.032000;,
0.320000;-0.200007;-0.032000;,
0.320000;-0.200007;0.032000;,
-0.320000;-0.200007;-0.032000;,
-0.320000;-0.220007;0.032000;,
0.320000;-0.220007;-0.032000;,
0.320000;-0.220007;0.032000;,
-0.320000;-0.220007;-0.032000;,
-0.320000;-0.240007;0.032000;,
0.320000;-0.240007;-0.032000;,
0.320000;-0.240007;0.032000;,
-0.320000;-0.240007;-0.032000;,
-0.320000;-0.260007;0.032000;,
0.320000;-0.260007;-0.032000;,
0.320000;-0.260007;0.032000;,
-0.320000;-0.260007;-0.032000;,
-0.320000;-0.280007;0.032000;,
0.320000;-0.280007;-0.032000;,
0.320000;-0.280007;0.032000;,
-0.320000;-0.280007;-0.032000;,
-0.320000;-0.300007;0.032000;,
0.320000;-0.300007;-0.032000;,
0.320000;-0.300007;0.032000;,
-0.320000;-0.300007;-0.032000;,
-0.320000;-0.320007;0.032000;,
0.320000;-0.320007;-0.032000;,
0.320000;-0.320007;0.032000;,
-0.320000;-0.320007;-0.032000;,
0.300000;0.320000;0.032000;,
0.300000;-0.320000;-0.032000;,
0.300000;-0.320000;0.032000;,
0.300000;0.320000;-0.032000;,
0.280000;0.320000;0.032000;,
0.280000;-0.320000;-0.032000;,
0.280000;-0.320000;0.032000;,
0.280000;0.320000;-0.032000;,
0.260000;0.320000;0.032000;,
0.260000;-0.320000;-0.032000;,
0.260000;-0.320000;0.032000;,
0.260000;0.320000;-0.032000;,
0.240000;0.320000;0.032000;,
0.240000;-0.320000;-0.032000;,
0.240000;-0.320000;0.032000;,
0.240000;0.320000;-0.032000;,
0.220000;0.320000;0.032000;,
0.220000;-0.320000;-0.032000;,
0.220000;-0.320000;0.032000;,
0.220000;0.320000;-0.032000;,
0.200000;0.320000;0.032000;,
0.200000;-0.320000;-0.032000;,
0.200000;-0.320000;0.032000;,
0.200000;0.320000;-0.032000;,
0.180000;0.320000;0.032000;,
0.180000;-0.320000;-0.032000;,
0.180000;-0.320000;0.032000;,
0.180000;0.320000;-0.032000;,
0.160000;0.320000;0.032000;,
0.160000;-0.320000;-0.032000;,
0.160000;-0.320000;0.032000;,
0.160000;0.320000;-0.032000;,
0.140000;0.320000;0.032000;,
0.140000;-0.320000;-0.032000;,
0.140000;-0.320000;0.032000;,
0.140000;0.320000;-0.032000;,
0.120000;0.320000;0.032000;,
0.120000;-0.320000;-0.032000;,
0.120000;-0.320000;0.032000;,
0.120000;0.320000;-0.032000;,
0.100000;0.320000;0.032000;,
0.100000;-0.320000;-0.032000;,
0.100000;-0.320000;0.032000;,
0.100000;0.320000;-0.032000;,
0.080000;0.320000;0.032000;,
0.080000;-0.320000;-0.032000;,
0.080000;-0.320000;0.032000;,
0.080000;0.320000;-0.032000;,
0.060000;0.320000;0.032000;,
0.060000;-0.320000;-0.032000;,
0.060000;-0.320000;0.032000;,
0.060000;0.320000;-0.032000;,
0.040000;0.320000;0.032000;,
0.040000;-0.320000;-0.032000;,
0.040000;-0.320000;0.032000;,
0.040000;0.320000;-0.032000;,
0.020000;0.320000;0.032000;,
0.020000;-0.320000;-0.032000;,
0.020000;-0.320000;0.032000;,
0.020000;0.320000;-0.032000;,
-0.000000;0.320000;0.032000;,
-0.000000;-0.320000;-0.032000;,
-0.000000;-0.320000;0.032000;,
-0.000000;0.320000;-0.032000;,
-0.020000;0.320000;0.032000;,
-0.020000;-0.320000;-0.032000;,
-0.020000;-0.320000;0.032000;,
-0.020000;0.320000;-0.032000;,
-0.040000;0.320000;0.032000;,
-0.040000;-0.320000;-0.032000;,
-0.040000;-0.320000;0.032000;,
-0.040000;0.320000;-0.032000;,
-0.060000;0.320000;0.032000;,
-0.060000;-0.320000;-0.032000;,
-0.060000;-0.320000;0.032000;,
-0.060000;0.320000;-0.032000;,
-0.080000;0.320000;0.032000;,
-0.080000;-0.320000;-0.032000;,
-0.080000;-0.320000;0.032000;,
-0.080000;0.320000;-0.032000;,
-0.100000;0.320000;0.032000;,
-0.100000;-0.320000;-0.032000;,
-0.100000;-0.320000;0.032000;,
-0.100000;0.320000;-0.032000;,
-0.120000;0.320000;0.032000;,
-0.120000;-0.320000;-0.032000;,
-0.120000;-0.320000;0.032000;,
-0.120000;0.320000;-0.032000;,
-0.140000;0.320000;0.032000;,
-0.140000;-0.320000;-0.032000;,
-0.140000;-0.320000;0.032000;,
-0.140000;0.320000;-0.032000;,
-0.160000;0.320000;0.032000;,
-0.160000;-0.320000;-0.032000;,
-0.160000;-0.320000;0.032000;,
-0.160000;0.320000;-0.032000;,
-0.180000;0.320000;0.032000;,
-0.180000;-0.320000;-0.032000;,
-0.180000;-0.320000;0.032000;,
-0.180000;0.320000;-0.032000;,
-0.200000;0.320000;0.032000;,
-0.200000;-0.320000;-0.032000;,
-0.200000;-0.320000;0.032000;,
-0.200000;0.320000;-0.032000;,
-0.220000;0.320000;0.032000;,
-0.220000;-0.320000;-0.032000;,
-0.220000;-0.320000;0.032000;,
-0.220000;0.320000;-0.032000;,
-0.240000;0.320000;0.032000;,
-0.240000;-0.320000;-0.032000;,
-0.240000;-0.320000;0.032000;,
-0.240000;0.320000;-0.032000;,
-0.260000;0.320000;0.032000;,
-0.260000;-0.320000;-0.032000;,
-0.260000;-0.320000;0.032000;,
-0.260000;0.320000;-0.032000;,
-0.280000;0.320000;0.032000;,
-0.280000;-0.320000;-0.032000;,
-0.280000;-0.320000;0.032000;,
-0.280000;0.320000;-0.032000;,
-0.300000;0.320000;0.032000;,
-0.300000;-0.320000;-0.032000;,
-0.300000;-0.320000;0.032000;,
-0.300000;0.320000;-0.032000;,
-0.320000;0.320000;0.032000;,
-0.320000;-0.320000;-0.032000;,
-0.320000;-0.320000;0.032000;,
-0.320000;0.320000;-0.032000;,
-0.300000;0.320000;-0.032000;,
-0.300000;-0.320000;0.032000;,
-0.300000;-0.320000;-0.032000;,
-0.300000;0.320000;0.032000;,
-0.280000;0.320000;-0.032000;,
-0.280000;-0.320000;0.032000;,
-0.280000;-0.320000;-0.032000;,
-0.280000;0.320000;0.032000;,
-0.260000;0.320000;-0.032000;,
-0.260000;-0.320000;0.032000;,
-0.260000;-0.320000;-0.032000;,
-0.260000;0.320000;0.032000;,
-0.240000;0.320000;-0.032000;,
-0.240000;-0.320000;0.032000;,
-0.240000;-0.320000;-0.032000;,
-0.240000;0.320000;0.032000;,
-0.220000;0.320000;-0.032000;,
-0.220000;-0.320000;0.032000;,
-0.220000;-0.320000;-0.032000;,
-0.220000;0.320000;0.032000;,
-0.200000;0.320000;-0.032000;,
-0.200000;-0.320000;0.032000;,
-0.200000;-0.320000;-0.032000;,
-0.200000;0.320000;0.032000;,
-0.180000;0.320000;-0.032000;,
-0.180000;-0.320000;0.032000;,
-0.180000;-0.320000;-0.032000;,
-0.180000;0.320000;0.032000;,
-0.160000;0.320000;-0.032000;,
-0.160000;-0.320000;0.032000;,
-0.160000;-0.320000;-0.032000;,
-0.160000;0.320000;0.032000;,
-0.140000;0.320000;-0.032000;,
-0.140000;-0.320000;0.032000;,
-0.140000;-0.320000;-0.032000;,
-0.140000;0.320000;0.032000;,
-0.120000;0.320000;-0.032000;,
-0.120000;-0.320000;0.032000;,
-0.120000;-0.320000;-0.032000;,
-0.120000;0.320000;0.032000;,
-0.100000;0.320000;-0.032000;,
-0.100000;-0.320000;0.032000;,
-0.100000;-0.320000;-0.032000;,
-0.100000;0.320000;0.032000;,
-0.080000;0.320000;-0.032000;,
-0.080000;-0.320000;0.032000;,
-0.080000;-0.320000;-0.032000;,
-0.080000;0.320000;0.032000;,
-0.060000;0.320000;-0.032000;,
-0.060000;-0.320000;0.032000;,
-0.060000;-0.320000;-0.032000;,
-0.060000;0.320000;0.032000;,
-0.040000;0.320000;-0.032000;,
-0.040000;-0.320000;0.032000;,
-0.040000;-0.320000;-0.032000;,
-0.040000;0.320000;0.032000;,
-0.020000;0.320000;-0.032000;,
-0.020000;-0.320000;0.032000;,
-0.020000;-0.320000;-0.032000;,
-0.020000;0.320000;0.032000;,
0.000000;0.320000;-0.032000;,
0.000000;-0.320000;0.032000;,
0.000000;-0.320000;-0.032000;,
0.000000;0.320000;0.032000;,
0.020000;0.320000;-0.032000;,
0.020000;-0.320000;0.032000;,
0.020000;-0.320000;-0.032000;,
0.020000;0.320000;0.032000;,
0.040000;0.320000;-0.032000;,
0.040000;-0.320000;0.032000;,
0.040000;-0.320000;-0.032000;,
0.040000;0.320000;0.032000;,
0.060000;0.320000;-0.032000;,
0.060000;-0.320000;0.032000;,
0.060000;-0.320000;-0.032000;,
0.060000;0.320000;0.032000;,
0.080000;0.320000;-0.032000;,
0.080000;-0.320000;0.032000;,
0.080000;-0.320000;-0.032000;,
0.080000;0.320000;0.032000;,
0.100000;0.320000;-0.032000;,
0.100000;-0.320000;0.032000;,
0.100000;-0.320000;-0.032000;,
0.100000;0.320000;0.032000;,
0.120000;0.320000;-0.032000;,
0.120000;-0.320000;0.032000;,
0.120000;-0.320000;-0.032000;,
0.120000;0.320000;0.032000;,
0.140000;0.320000;-0.032000;,
0.140000;-0.320000;0.032000;,
0.140000;-0.320000;-0.032000;,
0.140000;0.320000;0.032000;,
0.160000;0.320000;-0.032000;,
0.160000;-0.320000;0.032000;,
0.160000;-0.320000;-0.032000;,
0.160000;0.320000;0.032000;,
0.180000;0.320000;-0.032000;,
0.180000;-0.320000;0.032000;,
0.180000;-0.320000;-0.032000;,
0.180000;0.320000;0.032000;,
0.200000;0.320000;-0.032000;,
0.200000;-0.320000;0.032000;,
0.200000;-0.320000;-0.032000;,
0.200000;0.320000;0.032000;,
0.220000;0.320000;-0.032000;,
0.220000;-0.320000;0.032000;,
0.220000;-0.320000;-0.032000;,
0.220000;0.320000;0.032000;,
0.240000;0.320000;-0.032000;,
0.240000;-0.320000;0.032000;,
0.240000;-0.320000;-0.032000;,
0.240000;0.320000;0.032000;,
0.260000;0.320000;-0.032000;,
0.260000;-0.320000;0.032000;,
0.260000;-0.320000;-0.032000;,
0.260000;0.320000;0.032000;,
0.280000;0.320000;-0.032000;,
0.280000;-0.320000;0.032000;,
0.280000;-0.320000;-0.032000;,
0.280000;0.320000;0.032000;,
0.300000;0.320000;-0.032000;,
0.300000;-0.320000;0.032000;,
0.300000;-0.320000;-0.032000;,
0.300000;0.320000;0.032000;,
0.320000;0.320000;-0.032000;,
0.320000;-0.320000;0.032000;,
0.320000;-0.320000;-0.032000;,
0.320000;0.320000;0.032000;,
-0.320000;-0.320000;0.032000;,
0.320000;0.320000;0.032000;,
-0.320000;0.320000;0.032000;,
0.320000;-0.320000;0.032000;,
-0.320000;-0.320000;-0.032000;,
0.320000;0.320000;-0.032000;,
0.320000;-0.320000;-0.032000;,
-0.320000;0.320000;-0.032000;;

260; // 260 faces 
3;0,1,2;,
3;1,0,3;,
3;4,5,6;,
3;5,4,7;,
3;8,9,10;,
3;9,8,11;,
3;12,13,14;,
3;13,12,15;,
3;16,17,18;,
3;17,16,19;,
3;20,21,22;,
3;21,20,23;,
3;24,25,26;,
3;25,24,27;,
3;28,29,30;,
3;29,28,31;,
3;32,33,34;,
3;33,32,35;,
3;36,37,38;,
3;37,36,39;,
3;40,41,42;,
3;41,40,43;,
3;44,45,46;,
3;45,44,47;,
3;48,49,50;,
3;49,48,51;,
3;52,53,54;,
3;53,52,55;,
3;56,57,58;,
3;57,56,59;,
3;60,61,62;,
3;61,60,63;,
3;64,65,66;,
3;65,64,67;,
3;68,69,70;,
3;69,68,71;,
3;72,73,74;,
3;73,72,75;,
3;76,77,78;,
3;77,76,79;,
3;80,81,82;,
3;81,80,83;,
3;84,85,86;,
3;85,84,87;,
3;88,89,90;,
3;89,88,91;,
3;92,93,94;,
3;93,92,95;,
3;96,97,98;,
3;97,96,99;,
3;100,101,102;,
3;101,100,103;,
3;104,105,106;,
3;105,104,107;,
3;108,109,110;,
3;109,108,111;,
3;112,113,114;,
3;113,112,115;,
3;116,117,118;,
3;117,116,119;,
3;120,121,122;,
3;121,120,123;,
3;124,125,126;,
3;125,124,127;,
3;128,129,130;,
3;129,128,131;,
3;132,133,134;,
3;133,132,135;,
3;136,137,138;,
3;137,136,139;,
3;140,141,142;,
3;141,140,143;,
3;144,145,146;,
3;145,144,147;,
3;148,149,150;,
3;149,148,151;,
3;152,153,154;,
3;153,152,155;,
3;156,157,158;,
3;157,156,159;,
3;160,161,162;,
3;161,160,163;,
3;164,165,166;,
3;165,164,167;,
3;168,169,170;,
3;169,168,171;,
3;172,173,174;,
3;173,172,175;,
3;176,177,178;,
3;177,176,179;,
3;180,181,182;,
3;181,180,183;,
3;184,185,186;,
3;185,184,187;,
3;188,189,190;,
3;189,188,191;,
3;192,193,194;,
3;193,192,195;,
3;196,197,198;,
3;197,196,199;,
3;200,201,202;,
3;201,200,203;,
3;204,205,206;,
3;205,204,207;,
3;208,209,210;,
3;209,208,211;,
3;212,213,214;,
3;213,212,215;,
3;216,217,218;,
3;217,216,219;,
3;220,221,222;,
3;221,220,223;,
3;224,225,226;,
3;225,224,227;,
3;228,229,230;,
3;229,228,231;,
3;232,233,234;,
3;233,232,235;,
3;236,237,238;,
3;237,236,239;,
3;240,241,242;,
3;241,240,243;,
3;244,245,246;,
3;245,244,247;,
3;248,249,250;,
3;249,248,251;,
3;252,253,254;,
3;253,252,255;,
3;256,257,258;,
3;257,256,259;,
3;260,261,262;,
3;261,260,263;,
3;264,265,266;,
3;265,264,267;,
3;268,269,270;,
3;269,268,271;,
3;272,273,274;,
3;273,272,275;,
3;276,277,278;,
3;277,276,279;,
3;280,281,282;,
3;281,280,283;,
3;284,285,286;,
3;285,284,287;,
3;288,289,290;,
3;289,288,291;,
3;292,293,294;,
3;293,292,295;,
3;296,297,298;,
3;297,296,299;,
3;300,301,302;,
3;301,300,303;,
3;304,305,306;,
3;305,304,307;,
3;308,309,310;,
3;309,308,311;,
3;312,313,314;,
3;313,312,315;,
3;316,317,318;,
3;317,316,319;,
3;320,321,322;,
3;321,320,323;,
3;324,325,326;,
3;325,324,327;,
3;328,329,330;,
3;329,328,331;,
3;332,333,334;,
3;333,332,335;,
3;336,337,338;,
3;337,336,339;,
3;340,341,342;,
3;341,340,343;,
3;344,345,346;,
3;345,344,347;,
3;348,349,350;,
3;349,348,351;,
3;352,353,354;,
3;353,352,355;,
3;356,357,358;,
3;357,356,359;,
3;360,361,362;,
3;361,360,363;,
3;364,365,366;,
3;365,364,367;,
3;368,369,370;,
3;369,368,371;,
3;372,373,374;,
3;373,372,375;,
3;376,377,378;,
3;377,376,379;,
3;380,381,382;,
3;381,380,383;,
3;384,385,386;,
3;385,384,387;,
3;388,389,390;,
3;389,388,391;,
3;392,393,394;,
3;393,392,395;,
3;396,397,398;,
3;397,396,399;,
3;400,401,402;,
3;401,400,403;,
3;404,405,406;,
3;405,404,407;,
3;408,409,410;,
3;409,408,411;,
3;412,413,414;,
3;413,412,415;,
3;416,417,418;,
3;417,416,419;,
3;420,421,422;,
3;421,420,423;,
3;424,425,426;,
3;425,424,427;,
3;428,429,430;,
3;429,428,431;,
3;432,433,434;,
3;433,432,435;,
3;436,437,438;,
3;437,436,439;,
3;440,441,442;,
3;441,440,443;,
3;444,445,446;,
3;445,444,447;,
3;448,449,450;,
3;449,448,451;,
3;452,453,454;,
3;453,452,455;,
3;456,457,458;,
3;457,456,459;,
3;460,461,462;,
3;461,460,463;,
3;464,465,466;,
3;465,464,467;,
3;468,469,470;,
3;469,468,471;,
3;472,473,474;,
3;473,472,475;,
3;476,477,478;,
3;477,476,479;,
3;480,481,482;,
3;481,480,483;,
3;484,485,486;,
3;485,484,487;,
3;488,489,490;,
3;489,488,491;,
3;492,493,494;,
3;493,492,495;,
3;496,497,498;,
3;497,496,499;,
3;500,501,502;,
3;501,500,503;,
3;504,505,506;,
3;505,504,507;,
3;508,509,510;,
3;509,508,511;,
3;512,513,514;,
3;513,512,515;,
3;516,517,518;,
3;517,516,519;;

MeshNormals {
520; // 520 normals 
0.000000;1.000000;0.000000;,
0.000000;1.000000;0.000000;,
0.000000;1.000000;0.000000;,
0.000000;1.000000;0.000000;,
0.000000;1.000000;0.000000;,
0.000000;1.000000;0.000000;,
0.000000;1.000000;0.000000;,
0.000000;1.000000;0.000000;,
0.000000;1.000000;0.000000;,
0.000000;1.000000;0.000000;,
0.000000;1.000000;0.000000;,
0.000000;1.000000;0.000000;,
0.000000;1.000000;0.000000;,
0.000000;1.000000;0.000000;,
0.000000;1.000000;0.000000;,
0.000000;1.000000;0.000000;,
0.000000;1.000000;0.000000;,
0.000000;1.000000;0.000000;,
0.000000;1.000000;0.000000;,
0.000000;1.000000;0.000000;,
0.000000;1.000000;0.000000;,
0.000000;1.000000;0.000000;,
0.000000;1.000000;0.000000;,
0.000000;1.000000;0.000000;,
0.000000;1.000000;0.000000;,
0.000000;1.000000;0.000000;,
0.000000;1.000000;0.000000;,
0.000000;1.000000;0.000000;,
0.000000;1.000000;0.000000;,
0.000000;1.000000;0.000000;,
0.000000;1.000000;0.000000;,
0.000000;1.000000;0.000000;,
0.000000;1.000000;0.000000;,
0.000000;1.000000;0.000000;,
0.000000;1.000000;0.000000;,
0.000000;1.000000;0.000000;,
0.000000;1.000000;0.000000;,
0.000000;1.000000;0.000000;,
0.000000;1.000000;0.000000;,
0.000000;1.000000;0.000000;,
0.000000;1.000000;0.000000;,
0.000000;1.000000;0.000000;,
0.000000;1.000000;0.000000;,
0.000000;1.000000;0.000000;,
0.000000;1.000000;0.000000;,
0.000000;1.000000;0.000000;,
0.000000;1.000000;0.000000;,
0.000000;1.000000;0.000000;,
0.000000;1.000000;0.000000;,
0.000000;1.000000;0.000000;,
0.000000;1.000000;0.000000;,
0.000000;1.000000;0.000000;,
0.000000;1.000000;0.000000;,
0.000000;1.000000;0.000000;,
0.000000;1.000000;0.000000;,
0.000000;1.000000;0.000000;,
0.000000;1.000000;0.000000;,
0.000000;1.000000;0.000000;,
0.000000;1.000000;0.000000;,
0.000000;1.000000;0.000000;,
0.000000;1.000000;0.000000;,
0.000000;1.000000;0.000000;,
0.000000;1.000000;0.000000;,
0.000000;1.000000;0.000000;,
0.000000;1.000000;0.000000;,
0.000000;1.000000;0.000000;,
0.000000;1.000000;0.000000;,
0.000000;1.000000;0.000000;,
0.000000;1.000000;0.000000;,
0.000000;1.000000;0.000000;,
0.000000;1.000000;0.000000;,
0.000000;1.000000;0.000000;,
0.000000;1.000000;0.000000;,
0.000000;1.000000;0.000000;,
0.000000;1.000000;0.000000;,
0.000000;1.000000;0.000000;,
0.000000;1.000000;0.000000;,
0.000000;1.000000;0.000000;,
0.000000;1.000000;0.000000;,
0.000000;1.000000;0.000000;,
0.000000;1.000000;0.000000;,
0.000000;1.000000;0.000000;,
0.000000;1.000000;0.000000;,
0.000000;1.000000;0.000000;,
0.000000;1.000000;0.000000;,
0.000000;1.000000;0.000000;,
0.000000;1.000000;0.000000;,
0.000000;1.000000;0.000000;,
0.000000;1.000000;0.000000;,
0.000000;1.000000;0.000000;,
0.000000;1.000000;0.000000;,
0.000000;1.000000;0.000000;,
0.000000;1.000000;0.000000;,
0.000000;1.000000;0.000000;,
0.000000;1.000000;0.000000;,
0.000000;1.000000;0.000000;,
0.000000;1.000000;0.000000;,
0.000000;1.000000;0.000000;,
0.000000;1.000000;0.000000;,
0.000000;1.000000;0.000000;,
0.000000;1.000000;0.000000;,
0.000000;1.000000;0.000000;,
0.000000;1.000000;0.000000;,
0.000000;1.000000;0.000000;,
0.000000;1.000000;0.000000;,
0.000000;1.000000;0.000000;,
0.000000;1.000000;0.000000;,
0.000000;1.000000;0.000000;,
0.000000;1.000000;0.000000;,
0.000000;1.000000;0.000000;,
0.000000;1.000000;0.000000;,
0.000000;1.000000;0.000000;,
0.000000;1.000000;0.000000;,
0.000000;1.000000;0.000000;,
0.000000;1.000000;0.000000;,
0.000000;1.000000;0.000000;,
0.000000;1.000000;0.000000;,
0.000000;1.000000;0.000000;,
0.000000;1.000000;0.000000;,
0.000000;1.000000;0.000000;,
0.000000;1.000000;0.000000;,
0.000000;1.000000;0.000000;,
0.000000;1.000000;0.000000;,
0.000000;1.000000;0.000000;,
0.000000;1.000000;0.000000;,
0.000000;1.000000;0.000000;,
0.000000;1.000000;0.000000;,
0.000000;1.000000;0.000000;,
0.000000;-1.000000;-0.000000;,
0.000000;-1.000000;-0.000000;,
0.000000;-1.000000;-0.000000;,
0.000000;-1.000000;-0.000000;,
0.000000;-1.000000;-0.000000;,
0.000000;-1.000000;-0.000000;,
0.000000;-1.000000;-0.000000;,
0.000000;-1.000000;-0.000000;,
0.000000;-1.000000;-0.000000;,
0.000000;-1.000000;-0.000000;,
0.000000;-1.000000;-0.000000;,
0.000000;-1.000000;-0.000000;,
0.000000;-1.000000;-0.000000;,
0.000000;-1.000000;-0.000000;,
0.000000;-1.000000;-0.000000;,
0.000000;-1.000000;-0.000000;,
0.000000;-1.000000;-0.000000;,
0.000000;-1.000000;-0.000000;,
0.000000;-1.000000;-0.000000;,
0.000000;-1.000000;-0.000000;,
0.000000;-1.000000;-0.000000;,
0.000000;-1.000000;-0.000000;,
0.000000;-1.000000;-0.000000;,
0.000000;-1.000000;-0.000000;,
0.000000;-1.000000;-0.000000;,
0.000000;-1.000000;-0.000000;,
0.000000;-1.000000;-0.000000;,
0.000000;-1.000000;-0.000000;,
0.000000;-1.000000;-0.000000;,
0.000000;-1.000000;-0.000000;,
0.000000;-1.000000;-0.000000;,
0.000000;-1.000000;-0.000000;,
0.000000;-1.000000;-0.000000;,
0.000000;-1.000000;-0.000000;,
0.000000;-1.000000;-0.000000;,
0.000000;-1.000000;-0.000000;,
0.000000;-1.000000;-0.000000;,
0.000000;-1.000000;-0.000000;,
0.000000;-1.000000;-0.000000;,
0.000000;-1.000000;-0.000000;,
0.000000;-1.000000;-0.000000;,
0.000000;-1.000000;-0.000000;,
0.000000;-1.000000;-0.000000;,
0.000000;-1.000000;-0.000000;,
0.000000;-1.000000;-0.000000;,
0.000000;-1.000000;-0.000000;,
0.000000;-1.000000;-0.000000;,
0.000000;-1.000000;-0.000000;,
0.000000;-1.000000;-0.000000;,
0.000000;-1.000000;-0.000000;,
0.000000;-1.000000;-0.000000;,
0.000000;-1.000000;-0.000000;,
0.000000;-1.000000;-0.000000;,
0.000000;-1.000000;-0.000000;,
0.000000;-1.000000;-0.000000;,
0.000000;-1.000000;-0.000000;,
0.000000;-1.000000;-0.000000;,
0.000000;-1.000000;-0.000000;,
0.000000;-1.000000;-0.000000;,
0.000000;-1.000000;-0.000000;,
0.000000;-1.000000;-0.000000;,
0.000000;-1.000000;-0.000000;,
0.000000;-1.000000;-0.000000;,
0.000000;-1.000000;-0.000000;,
0.000000;-1.000000;-0.000000;,
0.000000;-1.000000;-0.000000;,
0.000000;-1.000000;-0.000000;,
0.000000;-1.000000;-0.000000;,
0.000000;-1.000000;-0.000000;,
0.000000;-1.000000;-0.000000;,
0.000000;-1.000000;-0.000000;,
0.000000;-1.000000;-0.000000;,
0.000000;-1.000000;-0.000000;,
0.000000;-1.000000;-0.000000;,
0.000000;-1.000000;-0.000000;,
0.000000;-1.000000;-0.000000;,
0.000000;-1.000000;-0.000000;,
0.000000;-1.000000;-0.000000;,
0.000000;-1.000000;-0.000000;,
0.000000;-1.000000;-0.000000;,
0.000000;-1.000000;-0.000000;,
0.000000;-1.000000;-0.000000;,
0.000000;-1.000000;-0.000000;,
0.000000;-1.000000;-0.000000;,
0.000000;-1.000000;-0.000000;,
0.000000;-1.000000;-0.000000;,
0.000000;-1.000000;-0.000000;,
0.000000;-1.000000;-0.000000;,
0.000000;-1.000000;-0.000000;,
0.000000;-1.000000;-0.000000;,
0.000000;-1.000000;-0.000000;,
0.000000;-1.000000;-0.000000;,
0.000000;-1.000000;-0.000000;,
0.000000;-1.000000;-0.000000;,
0.000000;-1.000000;-0.000000;,
0.000000;-1.000000;-0.000000;,
0.000000;-1.000000;-0.000000;,
0.000000;-1.000000;-0.000000;,
0.000000;-1.000000;-0.000000;,
0.000000;-1.000000;-0.000000;,
0.000000;-1.000000;-0.000000;,
0.000000;-1.000000;-0.000000;,
0.000000;-1.000000;-0.000000;,
0.000000;-1.000000;-0.000000;,
0.000000;-1.000000;-0.000000;,
0.000000;-1.000000;-0.000000;,
0.000000;-1.000000;-0.000000;,
0.000000;-1.000000;-0.000000;,
0.000000;-1.000000;-0.000000;,
0.000000;-1.000000;-0.000000;,
0.000000;-1.000000;-0.000000;,
0.000000;-1.000000;-0.000000;,
0.000000;-1.000000;-0.000000;,
0.000000;-1.000000;-0.000000;,
0.000000;-1.000000;-0.000000;,
0.000000;-1.000000;-0.000000;,
0.000000;-1.000000;-0.000000;,
0.000000;-1.000000;-0.000000;,
0.000000;-1.000000;-0.000000;,
0.000000;-1.000000;-0.000000;,
0.000000;-1.000000;-0.000000;,
0.000000;-1.000000;-0.000000;,
0.000000;-1.000000;-0.000000;,
0.000000;-1.000000;-0.000000;,
0.000000;-1.000000;-0.000000;,
0.000000;-1.000000;-0.000000;,
0.000000;-1.000000;-0.000000;,
0.000000;-1.000000;-0.000000;,
-1.000000;0.000000;-0.000000;,
-1.000000;0.000000;-0.000000;,
-1.000000;0.000000;-0.000000;,
-1.000000;0.000000;-0.000000;,
-1.000000;0.000000;-0.000000;,
-1.000000;0.000000;-0.000000;,
-1.000000;0.000000;-0.000000;,
-1.000000;0.000000;-0.000000;,
-1.000000;0.000000;-0.000000;,
-1.000000;0.000000;-0.000000;,
-1.000000;0.000000;-0.000000;,
-1.000000;0.000000;-0.000000;,
-1.000000;0.000000;-0.000000;,
-1.000000;0.000000;-0.000000;,
-1.000000;0.000000;-0.000000;,
-1.000000;0.000000;-0.000000;,
-1.000000;0.000000;-0.000000;,
-1.000000;0.000000;-0.000000;,
-1.000000;0.000000;-0.000000;,
-1.000000;0.000000;-0.000000;,
-1.000000;0.000000;-0.000000;,
-1.000000;0.000000;-0.000000;,
-1.000000;0.000000;-0.000000;,
-1.000000;0.000000;-0.000000;,
-1.000000;0.000000;-0.000000;,
-1.000000;0.000000;-0.000000;,
-1.000000;0.000000;-0.000000;,
-1.000000;0.000000;-0.000000;,
-1.000000;0.000000;-0.000000;,
-1.000000;0.000000;-0.000000;,
-1.000000;0.000000;-0.000000;,
-1.000000;0.000000;-0.000000;,
-1.000000;0.000000;-0.000000;,
-1.000000;0.000000;-0.000000;,
-1.000000;0.000000;-0.000000;,
-1.000000;0.000000;-0.000000;,
-1.000000;0.000000;-0.000000;,
-1.000000;0.000000;-0.000000;,
-1.000000;0.000000;-0.000000;,
-1.000000;0.000000;-0.000000;,
-1.000000;0.000000;-0.000000;,
-1.000000;0.000000;-0.000000;,
-1.000000;0.000000;-0.000000;,
-1.000000;0.000000;-0.000000;,
-1.000000;0.000000;-0.000000;,
-1.000000;0.000000;-0.000000;,
-1.000000;0.000000;-0.000000;,
-1.000000;0.000000;-0.000000;,
-1.000000;0.000000;-0.000000;,
-1.000000;0.000000;-0.000000;,
-1.000000;0.000000;-0.000000;,
-1.000000;0.000000;-0.000000;,
-1.000000;0.000000;-0.000000;,
-1.000000;0.000000;-0.000000;,
-1.000000;0.000000;-0.000000;,
-1.000000;0.000000;-0.000000;,
-1.000000;0.000000;-0.000000;,
-1.000000;0.000000;-0.000000;,
-1.000000;0.000000;-0.000000;,
-1.000000;0.000000;-0.000000;,
-1.000000;0.000000;-0.000000;,
-1.000000;0.000000;-0.000000;,
-1.000000;0.000000;-0.000000;,
-1.000000;0.000000;-0.000000;,
-1.000000;0.000000;-0.000000;,
-1.000000;0.000000;-0.000000;,
-1.000000;0.000000;-0.000000;,
-1.000000;0.000000;-0.000000;,
-1.000000;0.000000;-0.000000;,
-1.000000;0.000000;-0.000000;,
-1.000000;0.000000;-0.000000;,
-1.000000;0.000000;-0.000000;,
-1.000000;0.000000;-0.000000;,
-1.000000;0.000000;-0.000000;,
-1.000000;0.000000;-0.000000;,
-1.000000;0.000000;-0.000000;,
-1.000000;0.000000;-0.000000;,
-1.000000;0.000000;-0.000000;,
-1.000000;0.000000;-0.000000;,
-1.000000;0.000000;-0.000000;,
-1.000000;0.000000;-0.000000;,
-1.000000;0.000000;-0.000000;,
-1.000000;0.000000;-0.000000;,
-1.000000;0.000000;-0.000000;,
-1.000000;0.000000;-0.000000;,
-1.000000;0.000000;-0.000000;,
-1.000000;0.000000;-0.000000;,
-1.000000;0.000000;-0.000000;,
-1.000000;0.000000;-0.000000;,
-1.000000;0.000000;-0.000000;,
-1.000000;0.000000;-0.000000;,
-1.000000;0.000000;-0.000000;,
-1.000000;0.000000;-0.000000;,
-1.000000;0.000000;-0.000000;,
-1.000000;0.000000;-0.000000;,
-1.000000;0.000000;-0.000000;,
-1.000000;0.000000;-0.000000;,
-1.000000;0.000000;-0.000000;,
-1.000000;0.000000;-0.000000;,
-1.000000;0.000000;-0.000000;,
-1.000000;0.000000;-0.000000;,
-1.000000;0.000000;-0.000000;,
-1.000000;0.000000;-0.000000;,
-1.000000;0.000000;-0.000000;,
-1.000000;0.000000;-0.000000;,
-1.000000;0.000000;-0.000000;,
-1.000000;0.000000;-0.000000;,
-1.000000;0.000000;-0.000000;,
-1.000000;0.000000;-0.000000;,
-1.000000;0.000000;-0.000000;,
-1.000000;0.000000;-0.000000;,
-1.000000;0.000000;-0.000000;,
-1.000000;0.000000;-0.000000;,
-1.000000;0.000000;-0.000000;,
-1.000000;0.000000;-0.000000;,
-1.000000;0.000000;-0.000000;,
-1.000000;0.000000;-0.000000;,
-1.000000;0.000000;-0.000000;,
-1.000000;0.000000;-0.000000;,
-1.000000;0.000000;-0.000000;,
-1.000000;0.000000;-0.000000;,
-1.000000;0.000000;-0.000000;,
-1.000000;0.000000;-0.000000;,
-1.000000;0.000000;-0.000000;,
-1.000000;0.000000;-0.000000;,
-1.000000;0.000000;-0.000000;,
-1.000000;0.000000;-0.000000;,
-1.000000;0.000000;-0.000000;,
1.000000;-0.000000;0.000000;,
1.000000;-0.000000;0.000000;,
1.000000;-0.000000;0.000000;,
1.000000;-0.000000;0.000000;,
1.000000;-0.000000;0.000000;,
1.000000;-0.000000;0.000000;,
1.000000;-0.000000;0.000000;,
1.000000;-0.000000;0.000000;,
1.000000;-0.000000;0.000000;,
1.000000;-0.000000;0.000000;,
1.000000;-0.000000;0.000000;,
1.000000;-0.000000;0.000000;,
1.000000;-0.000000;0.000000;,
1.000000;-0.000000;0.000000;,
1.000000;-0.000000;0.000000;,
1.000000;-0.000000;0.000000;,
1.000000;-0.000000;0.000000;,
1.000000;-0.000000;0.000000;,
1.000000;-0.000000;0.000000;,
1.000000;-0.000000;0.000000;,
1.000000;-0.000000;0.000000;,
1.000000;-0.000000;0.000000;,
1.000000;-0.000000;0.000000;,
1.000000;-0.000000;0.000000;,
1.000000;-0.000000;0.000000;,
1.000000;-0.000000;0.000000;,
1.000000;-0.000000;0.000000;,
1.000000;-0.000000;0.000000;,
1.000000;-0.000000;0.000000;,
1.000000;-0.000000;0.000000;,
1.000000;-0.000000;0.000000;,
1.000000;-0.000000;0.000000;,
1.000000;-0.000000;0.000000;,
1.000000;-0.000000;0.000000;,
1.000000;-0.000000;0.000000;,
1.000000;-0.000000;0.000000;,
1.000000;-0.000000;0.000000;,
1.000000;-0.000000;0.000000;,
1.000000;-0.000000;0.000000;,
1.000000;-0.000000;0.000000;,
1.000000;-0.000000;0.000000;,
1.000000;-0.000000;0.000000;,
1.000000;-0.000000;0.000000;,
1.000000;-0.000000;0.000000;,
1.000000;-0.000000;0.000000;,
1.000000;-0.000000;0.000000;,
1.000000;-0.000000;0.000000;,
1.000000;-0.000000;0.000000;,
1.000000;-0.000000;0.000000;,
1.000000;-0.000000;0.000000;,
1.000000;-0.000000;0.000000;,
1.000000;-0.000000;0.000000;,
1.000000;-0.000000;0.000000;,
1.000000;-0.000000;0.000000;,
1.000000;-0.000000;0.000000;,
1.000000;-0.000000;0.000000;,
1.000000;-0.000000;0.000000;,
1.000000;-0.000000;0.000000;,
1.000000;-0.000000;0.000000;,
1.000000;-0.000000;0.000000;,
1.000000;-0.000000;0.000000;,
1.000000;-0.000000;0.000000;,
1.000000;-0.000000;0.000000;,
1.000000;-0.000000;0.000000;,
1.000000;-0.000000;0.000000;,
1.000000;-0.000000;0.000000;,
1.000000;-0.000000;0.000000;,
1.000000;-0.000000;0.000000;,
1.000000;-0.000000;0.000000;,
1.000000;-0.000000;0.000000;,
1.000000;-0.000000;0.000000;,
1.000000;-0.000000;0.000000;,
1.000000;-0.000000;0.000000;,
1.000000;-0.000000;0.000000;,
1.000000;-0.000000;0.000000;,
1.000000;-0.000000;0.000000;,
1.000000;-0.000000;0.000000;,
1.000000;-0.000000;0.000000;,
1.000000;-0.000000;0.000000;,
1.000000;-0.000000;0.000000;,
1.000000;-0.000000;0.000000;,
1.000000;-0.000000;0.000000;,
1.000000;-0.000000;0.000000;,
1.000000;-0.000000;0.000000;,
1.000000;-0.000000;0.000000;,
1.000000;-0.000000;0.000000;,
1.000000;-0.000000;0.000000;,
1.000000;-0.000000;0.000000;,
1.000000;-0.000000;0.000000;,
1.000000;-0.000000;0.000000;,
1.000000;-0.000000;0.000000;,
1.000000;-0.000000;0.000000;,
1.000000;-0.000000;0.000000;,
1.000000;-0.000000;0.000000;,
1.000000;-0.000000;0.000000;,
1.000000;-0.000000;0.000000;,
1.000000;-0.000000;0.000000;,
1.000000;-0.000000;0.000000;,
1.000000;-0.000000;0.000000;,
1.000000;-0.000000;0.000000;,
1.000000;-0.000000;0.000000;,
1.000000;-0.000000;0.000000;,
1.000000;-0.000000;0.000000;,
1.000000;-0.000000;0.000000;,
1.000000;-0.000000;0.000000;,
1.000000;-0.000000;0.000000;,
1.000000;-0.000000;0.000000;,
1.000000;-0.000000;0.000000;,
1.000000;-0.000000;0.000000;,
1.000000;-0.000000;0.000000;,
1.000000;-0.000000;0.000000;,
1.000000;-0.000000;0.000000;,
1.000000;-0.000000;0.000000;,
1.000000;-0.000000;0.000000;,
1.000000;-0.000000;0.000000;,
1.000000;-0.000000;0.000000;,
1.000000;-0.000000;0.000000;,
1.000000;-0.000000;0.000000;,
1.000000;-0.000000;0.000000;,
1.000000;-0.000000;0.000000;,
1.000000;-0.000000;0.000000;,
1.000000;-0.000000;0.000000;,
1.000000;-0.000000;0.000000;,
1.000000;-0.000000;0.000000;,
1.000000;-0.000000;0.000000;,
1.000000;-0.000000;0.000000;,
1.000000;-0.000000;0.000000;,
1.000000;-0.000000;0.000000;,
0.000000;0.000000;1.000000;,
0.000000;0.000000;1.000000;,
0.000000;0.000000;1.000000;,
0.000000;0.000000;1.000000;,
0.000000;-0.000000;-1.000000;,
0.000000;-0.000000;-1.000000;,
0.000000;-0.000000;-1.000000;,
0.000000;-0.000000;-1.000000;;

260; // 260 faces 
3;0,1,2;,
3;1,0,3;,
3;4,5,6;,
3;5,4,7;,
3;8,9,10;,
3;9,8,11;,
3;12,13,14;,
3;13,12,15;,
3;16,17,18;,
3;17,16,19;,
3;20,21,22;,
3;21,20,23;,
3;24,25,26;,
3;25,24,27;,
3;28,29,30;,
3;29,28,31;,
3;32,33,34;,
3;33,32,35;,
3;36,37,38;,
3;37,36,39;,
3;40,41,42;,
3;41,40,43;,
3;44,45,46;,
3;45,44,47;,
3;48,49,50;,
3;49,48,51;,
3;52,53,54;,
3;53,52,55;,
3;56,57,58;,
3;57,56,59;,
3;60,61,62;,
3;61,60,63;,
3;64,65,66;,
3;65,64,67;,
3;68,69,70;,
3;69,68,71;,
3;72,73,74;,
3;73,72,75;,
3;76,77,78;,
3;77,76,79;,
3;80,81,82;,
3;81,80,83;,
3;84,85,86;,
3;85,84,87;,
3;88,89,90;,
3;89,88,91;,
3;92,93,94;,
3;93,92,95;,
3;96,97,98;,
3;97,96,99;,
3;100,101,102;,
3;101,100,103;,
3;104,105,106;,
3;105,104,107;,
3;108,109,110;,
3;109,108,111;,
3;112,113,114;,
3;113,112,115;,
3;116,117,118;,
3;117,116,119;,
3;120,121,122;,
3;121,120,123;,
3;124,125,126;,
3;125,124,127;,
3;128,129,130;,
3;129,128,131;,
3;132,133,134;,
3;133,132,135;,
3;136,137,138;,
3;137,136,139;,
3;140,141,142;,
3;141,140,143;,
3;144,145,146;,
3;145,144,147;,
3;148,149,150;,
3;149,148,151;,
3;152,153,154;,
3;153,152,155;,
3;156,157,158;,
3;157,156,159;,
3;160,161,162;,
3;161,160,163;,
3;164,165,166;,
3;165,164,167;,
3;168,169,170;,
3;169,168,171;,
3;172,173,174;,
3;173,172,175;,
3;176,177,178;,
3;177,176,179;,
3;180,181,182;,
3;181,180,183;,
3;184,185,186;,
3;185,184,187;,
3;188,189,190;,
3;189,188,191;,
3;192,193,194;,
3;193,192,195;,
3;196,197,198;,
3;197,196,199;,
3;200,201,202;,
3;201,200,203;,
3;204,205,206;,
3;205,204,207;,
3;208,209,210;,
3;209,208,211;,
3;212,213,214;,
3;213,212,215;,
3;216,217,218;,
3;217,216,219;,
3;220,221,222;,
3;221,220,223;,
3;224,225,226;,
3;225,224,227;,
3;228,229,230;,
3;229,228,231;,
3;232,233,234;,
3;233,232,235;,
3;236,237,238;,
3;237,236,239;,
3;240,241,242;,
3;241,240,243;,
3;244,245,246;,
3;245,244,247;,
3;248,249,250;,
3;249,248,251;,
3;252,253,254;,
3;253,252,255;,
3;256,257,258;,
3;257,256,259;,
3;260,261,262;,
3;261,260,263;,
3;264,265,266;,
3;265,264,267;,
3;268,269,270;,
3;269,268,271;,
3;272,273,274;,
3;273,272,275;,
3;276,277,278;,
3;277,276,279;,
3;280,281,282;,
3;281,280,283;,
3;284,285,286;,
3;285,284,287;,
3;288,289,290;,
3;289,288,291;,
3;292,293,294;,
3;293,292,295;,
3;296,297,298;,
3;297,296,299;,
3;300,301,302;,
3;301,300,303;,
3;304,305,306;,
3;305,304,307;,
3;308,309,310;,
3;309,308,311;,
3;312,313,314;,
3;313,312,315;,
3;316,317,318;,
3;317,316,319;,
3;320,321,322;,
3;321,320,323;,
3;324,325,326;,
3;325,324,327;,
3;328,329,330;,
3;329,328,331;,
3;332,333,334;,
3;333,332,335;,
3;336,337,338;,
3;337,336,339;,
3;340,341,342;,
3;341,340,343;,
3;344,345,346;,
3;345,344,347;,
3;348,349,350;,
3;349,348,351;,
3;352,353,354;,
3;353,352,355;,
3;356,357,358;,
3;357,356,359;,
3;360,361,362;,
3;361,360,363;,
3;364,365,366;,
3;365,364,367;,
3;368,369,370;,
3;369,368,371;,
3;372,373,374;,
3;373,372,375;,
3;376,377,378;,
3;377,376,379;,
3;380,381,382;,
3;381,380,383;,
3;384,385,386;,
3;385,384,387;,
3;388,389,390;,
3;389,388,391;,
3;392,393,394;,
3;393,392,395;,
3;396,397,398;,
3;397,396,399;,
3;400,401,402;,
3;401,400,403;,
3;404,405,406;,
3;405,404,407;,
3;408,409,410;,
3;409,408,411;,
3;412,413,414;,
3;413,412,415;,
3;416,417,418;,
3;417,416,419;,
3;420,421,422;,
3;421,420,423;,
3;424,425,426;,
3;425,424,427;,
3;428,429,430;,
3;429,428,431;,
3;432,433,434;,
3;433,432,435;,
3;436,437,438;,
3;437,436,439;,
3;440,441,442;,
3;441,440,443;,
3;444,445,446;,
3;445,444,447;,
3;448,449,450;,
3;449,448,451;,
3;452,453,454;,
3;453,452,455;,
3;456,457,458;,
3;457,456,459;,
3;460,461,462;,
3;461,460,463;,
3;464,465,466;,
3;465,464,467;,
3;468,469,470;,
3;469,468,471;,
3;472,473,474;,
3;473,472,475;,
3;476,477,478;,
3;477,476,479;,
3;480,481,482;,
3;481,480,483;,
3;484,485,486;,
3;485,484,487;,
3;488,489,490;,
3;489,488,491;,
3;492,493,494;,
3;493,492,495;,
3;496,497,498;,
3;497,496,499;,
3;500,501,502;,
3;501,500,503;,
3;504,505,506;,
3;505,504,507;,
3;508,509,510;,
3;509,508,511;,
3;512,513,514;,
3;513,512,515;,
3;516,517,518;,
3;517,516,519;;
}
MeshMaterialList {
 1; // Number of unique materials
 260; // Number of faces
0,0,0,0,0,0,0,0,0,0,0,0,0,0,0,0,0,0,0,0,0,0,0,0,0,0,0,0,0,0,0,0,0,0,0,0,0,0,0,0,0,0,0,0,0,0,0,0,0,0,0,0,0,0,0,0,0,0,0,0,0,0,0,0,0,0,0,0,0,0,0,0,0,0,0,0,0,0,0,0,0,0,0,0,0,0,0,0,0,0,0,0,0,0,0,0,0,0,0,0,0,0,0,0,0,0,0,0,0,0,0,0,0,0,0,0,0,0,0,0,0,0,0,0,0,0,0,0,0,0,0,0,0,0,0,0,0,0,0,0,0,0,0,0,0,0,0,0,0,0,0,0,0,0,0,0,0,0,0,0,0,0,0,0,0,0,0,0,0,0,0,0,0,0,0,0,0,0,0,0,0,0,0,0,0,0,0,0,0,0,0,0,0,0,0,0,0,0,0,0,0,0,0,0,0,0,0,0,0,0,0,0,0,0,0,0,0,0,0,0,0,0,0,0,0,0,0,0,0,0,0,0,0,0,0,0,0,0,0,0,0,0,0,0,0,0,0,0,0,0,0,0,0,0,0,0,0,0,0,0;;
Material {
0.588000;0.588000;0.588000;1.000000;;
3000.0;
0.900000;0.900000;0.900000;;
1.000000;0.000000;0.000000;;
TextureFilename {"Texture/blocks/items/test32x32.png;2";}
}
}// materials
MeshTextureCoords {
520; // 520 UV
0.000999;-0.026770;,
1.000000;-0.026770;,
1.000000;-0.026770;,
0.000999;-0.026770;,
0.000999;-0.057989;,
1.000000;-0.057989;,
1.000000;-0.057989;,
0.000999;-0.057989;,
0.000999;-0.089208;,
1.000000;-0.089208;,
1.000000;-0.089208;,
0.000999;-0.089208;,
0.000999;-0.120427;,
1.000000;-0.120427;,
1.000000;-0.120427;,
0.000999;-0.120427;,
0.000999;-0.151645;,
1.000000;-0.151645;,
1.000000;-0.151645;,
0.000999;-0.151645;,
0.000999;-0.182864;,
1.000000;-0.182864;,
1.000000;-0.182864;,
0.000999;-0.182864;,
0.000999;-0.214083;,
1.000000;-0.214083;,
1.000000;-0.214083;,
0.000999;-0.214083;,
0.000999;-0.245302;,
1.000000;-0.245302;,
1.000000;-0.245302;,
0.000999;-0.245302;,
0.000999;-0.276521;,
1.000000;-0.276521;,
1.000000;-0.276521;,
0.000999;-0.276521;,
0.000999;-0.307739;,
1.000000;-0.307739;,
1.000000;-0.307739;,
0.000999;-0.307739;,
0.000999;-0.338958;,
1.000000;-0.338958;,
1.000000;-0.338958;,
0.000999;-0.338958;,
0.000999;-0.370177;,
1.000000;-0.370177;,
1.000000;-0.370177;,
0.000999;-0.370177;,
0.000999;-0.401396;,
1.000000;-0.401396;,
1.000000;-0.401396;,
0.000999;-0.401396;,
0.000999;-0.432614;,
1.000000;-0.432614;,
1.000000;-0.432614;,
0.000999;-0.432614;,
0.000999;-0.463833;,
1.000000;-0.463833;,
1.000000;-0.463833;,
0.000999;-0.463833;,
0.000999;-0.495052;,
1.000000;-0.495052;,
1.000000;-0.495052;,
0.000999;-0.495052;,
0.000999;-0.526271;,
1.000000;-0.526271;,
1.000000;-0.526271;,
0.000999;-0.526271;,
0.000999;-0.557490;,
1.000000;-0.557490;,
1.000000;-0.557490;,
0.000999;-0.557490;,
0.000999;-0.588708;,
1.000000;-0.588708;,
1.000000;-0.588708;,
0.000999;-0.588708;,
0.000999;-0.619927;,
1.000000;-0.619927;,
1.000000;-0.619927;,
0.000999;-0.619927;,
0.000999;-0.651146;,
1.000000;-0.651146;,
1.000000;-0.651146;,
0.000999;-0.651146;,
0.000999;-0.682365;,
1.000000;-0.682365;,
1.000000;-0.682365;,
0.000999;-0.682365;,
0.000999;-0.713583;,
1.000000;-0.713583;,
1.000000;-0.713583;,
0.000999;-0.713583;,
0.000999;-0.744802;,
1.000000;-0.744802;,
1.000000;-0.744802;,
0.000999;-0.744802;,
0.000999;-0.776021;,
1.000000;-0.776021;,
1.000000;-0.776021;,
0.000999;-0.776021;,
0.000999;-0.807240;,
1.000000;-0.807240;,
1.000000;-0.807240;,
0.000999;-0.807240;,
0.000999;-0.838459;,
1.000000;-0.838459;,
1.000000;-0.838459;,
0.000999;-0.838459;,
0.000999;-0.869677;,
1.000000;-0.869677;,
1.000000;-0.869677;,
0.000999;-0.869677;,
0.000999;-0.900896;,
1.000000;-0.900896;,
1.000000;-0.900896;,
0.000999;-0.900896;,
0.000999;-0.932115;,
1.000000;-0.932115;,
1.000000;-0.932115;,
0.000999;-0.932115;,
0.000999;-0.963334;,
1.000000;-0.963334;,
1.000000;-0.963334;,
0.000999;-0.963334;,
0.000999;-0.994552;,
1.000000;-0.994552;,
1.000000;-0.994552;,
0.000999;-0.994552;,
0.000999;-0.976687;,
1.000000;-0.976687;,
1.000000;-0.976687;,
0.000999;-0.976687;,
0.000999;-0.945468;,
1.000000;-0.945468;,
1.000000;-0.945468;,
0.000999;-0.945468;,
0.000999;-0.914249;,
1.000000;-0.914249;,
1.000000;-0.914249;,
0.000999;-0.914249;,
0.000999;-0.883030;,
1.000000;-0.883030;,
1.000000;-0.883030;,
0.000999;-0.883030;,
0.000999;-0.851812;,
1.000000;-0.851812;,
1.000000;-0.851812;,
0.000999;-0.851812;,
0.000999;-0.820593;,
1.000000;-0.820593;,
1.000000;-0.820593;,
0.000999;-0.820593;,
0.000999;-0.789374;,
1.000000;-0.789374;,
1.000000;-0.789374;,
0.000999;-0.789374;,
0.000999;-0.758155;,
1.000000;-0.758155;,
1.000000;-0.758155;,
0.000999;-0.758155;,
0.000999;-0.726937;,
1.000000;-0.726937;,
1.000000;-0.726937;,
0.000999;-0.726937;,
0.000999;-0.695718;,
1.000000;-0.695718;,
1.000000;-0.695718;,
0.000999;-0.695718;,
0.000999;-0.664499;,
1.000000;-0.664499;,
1.000000;-0.664499;,
0.000999;-0.664499;,
0.000999;-0.633280;,
1.000000;-0.633280;,
1.000000;-0.633280;,
0.000999;-0.633280;,
0.000999;-0.602061;,
1.000000;-0.602061;,
1.000000;-0.602061;,
0.000999;-0.602061;,
0.000999;-0.570843;,
1.000000;-0.570843;,
1.000000;-0.570843;,
0.000999;-0.570843;,
0.000999;-0.539624;,
1.000000;-0.539624;,
1.000000;-0.539624;,
0.000999;-0.539624;,
0.000999;-0.508405;,
1.000000;-0.508405;,
1.000000;-0.508405;,
0.000999;-0.508405;,
0.000999;-0.477186;,
1.000000;-0.477186;,
1.000000;-0.477186;,
0.000999;-0.477186;,
0.000999;-0.445967;,
1.000000;-0.445967;,
1.000000;-0.445967;,
0.000999;-0.445967;,
0.000999;-0.414749;,
1.000000;-0.414749;,
1.000000;-0.414749;,
0.000999;-0.414749;,
0.000999;-0.383530;,
1.000000;-0.383530;,
1.000000;-0.383530;,
0.000999;-0.383530;,
0.000999;-0.352311;,
1.000000;-0.352311;,
1.000000;-0.352311;,
0.000999;-0.352311;,
0.000999;-0.321092;,
1.000000;-0.321092;,
1.000000;-0.321092;,
0.000999;-0.321092;,
0.000999;-0.289874;,
1.000000;-0.289874;,
1.000000;-0.289874;,
0.000999;-0.289874;,
0.000999;-0.258655;,
1.000000;-0.258655;,
1.000000;-0.258655;,
0.000999;-0.258655;,
0.000999;-0.227436;,
1.000000;-0.227436;,
1.000000;-0.227436;,
0.000999;-0.227436;,
0.000999;-0.196217;,
1.000000;-0.196217;,
1.000000;-0.196217;,
0.000999;-0.196217;,
0.000999;-0.164998;,
1.000000;-0.164998;,
1.000000;-0.164998;,
0.000999;-0.164998;,
0.000999;-0.133780;,
1.000000;-0.133780;,
1.000000;-0.133780;,
0.000999;-0.133780;,
0.000999;-0.102561;,
1.000000;-0.102561;,
1.000000;-0.102561;,
0.000999;-0.102561;,
0.000999;-0.071342;,
1.000000;-0.071342;,
1.000000;-0.071342;,
0.000999;-0.071342;,
0.000999;-0.040123;,
1.000000;-0.040123;,
1.000000;-0.040123;,
0.000999;-0.040123;,
0.000999;-0.008905;,
1.000000;-0.008905;,
1.000000;-0.008905;,
0.000999;-0.008905;,
0.976745;-1.000000;,
0.976745;-0.000000;,
0.976745;-0.000000;,
0.976745;-1.000000;,
0.945527;-1.000000;,
0.945527;-0.000000;,
0.945527;-0.000000;,
0.945527;-1.000000;,
0.914308;-1.000000;,
0.914308;-0.000000;,
0.914308;-0.000000;,
0.914308;-1.000000;,
0.883089;-1.000000;,
0.883089;-0.000000;,
0.883089;-0.000000;,
0.883089;-1.000000;,
0.851870;-1.000000;,
0.851870;-0.000000;,
0.851870;-0.000000;,
0.851870;-1.000000;,
0.820652;-1.000000;,
0.820652;-0.000000;,
0.820652;-0.000000;,
0.820652;-1.000000;,
0.789433;-1.000000;,
0.789433;-0.000000;,
0.789433;-0.000000;,
0.789433;-1.000000;,
0.758214;-1.000000;,
0.758214;-0.000000;,
0.758214;-0.000000;,
0.758214;-1.000000;,
0.726995;-1.000000;,
0.726995;-0.000000;,
0.726995;-0.000000;,
0.726995;-1.000000;,
0.695776;-1.000000;,
0.695776;-0.000000;,
0.695776;-0.000000;,
0.695776;-1.000000;,
0.664558;-1.000000;,
0.664558;-0.000000;,
0.664558;-0.000000;,
0.664558;-1.000000;,
0.633339;-1.000000;,
0.633339;-0.000000;,
0.633339;-0.000000;,
0.633339;-1.000000;,
0.602120;-1.000000;,
0.602120;-0.000000;,
0.602120;-0.000000;,
0.602120;-1.000000;,
0.570901;-1.000000;,
0.570901;-0.000000;,
0.570901;-0.000000;,
0.570901;-1.000000;,
0.539683;-1.000000;,
0.539683;-0.000000;,
0.539683;-0.000000;,
0.539683;-1.000000;,
0.508464;-1.000000;,
0.508464;-0.000000;,
0.508464;-0.000000;,
0.508464;-1.000000;,
0.477245;-1.000000;,
0.477245;-0.000000;,
0.477245;-0.000000;,
0.477245;-1.000000;,
0.446026;-1.000000;,
0.446026;-0.000000;,
0.446026;-0.000000;,
0.446026;-1.000000;,
0.414807;-1.000000;,
0.414807;-0.000000;,
0.414807;-0.000000;,
0.414807;-1.000000;,
0.383589;-1.000000;,
0.383589;-0.000000;,
0.383589;-0.000000;,
0.383589;-1.000000;,
0.352370;-1.000000;,
0.352370;-0.000000;,
0.352370;-0.000000;,
0.352370;-1.000000;,
0.321151;-1.000000;,
0.321151;-0.000000;,
0.321151;-0.000000;,
0.321151;-1.000000;,
0.289932;-1.000000;,
0.289932;-0.000000;,
0.289932;-0.000000;,
0.289932;-1.000000;,
0.258714;-1.000000;,
0.258713;-0.000000;,
0.258713;-0.000000;,
0.258714;-1.000000;,
0.227495;-1.000000;,
0.227495;-0.000000;,
0.227495;-0.000000;,
0.227495;-1.000000;,
0.196276;-1.000000;,
0.196276;-0.000000;,
0.196276;-0.000000;,
0.196276;-1.000000;,
0.165057;-1.000000;,
0.165057;-0.000000;,
0.165057;-0.000000;,
0.165057;-1.000000;,
0.133838;-1.000000;,
0.133838;-0.000000;,
0.133838;-0.000000;,
0.133838;-1.000000;,
0.102620;-1.000000;,
0.102620;-0.000000;,
0.102620;-0.000000;,
0.102620;-1.000000;,
0.071401;-1.000000;,
0.071401;-0.000000;,
0.071401;-0.000000;,
0.071401;-1.000000;,
0.040182;-1.000000;,
0.040182;-0.000000;,
0.040182;-0.000000;,
0.040182;-1.000000;,
0.008963;-1.000000;,
0.008963;-0.000000;,
0.008963;-0.000000;,
0.008963;-1.000000;,
0.024893;-1.000000;,
0.024894;-0.000000;,
0.024894;-0.000000;,
0.024893;-1.000000;,
0.056112;-1.000000;,
0.056112;-0.000000;,
0.056112;-0.000000;,
0.056112;-1.000000;,
0.087331;-1.000000;,
0.087331;-0.000000;,
0.087331;-0.000000;,
0.087331;-1.000000;,
0.118550;-1.000000;,
0.118550;-0.000000;,
0.118550;-0.000000;,
0.118550;-1.000000;,
0.149769;-1.000000;,
0.149769;-0.000000;,
0.149769;-0.000000;,
0.149769;-1.000000;,
0.180987;-1.000000;,
0.180987;-0.000000;,
0.180987;-0.000000;,
0.180987;-1.000000;,
0.212206;-1.000000;,
0.212206;-0.000000;,
0.212206;-0.000000;,
0.212206;-1.000000;,
0.243425;-1.000000;,
0.243425;-0.000000;,
0.243425;-0.000000;,
0.243425;-1.000000;,
0.274644;-1.000000;,
0.274644;-0.000000;,
0.274644;-0.000000;,
0.274644;-1.000000;,
0.305863;-1.000000;,
0.305863;-0.000000;,
0.305863;-0.000000;,
0.305863;-1.000000;,
0.337081;-1.000000;,
0.337081;-0.000000;,
0.337081;-0.000000;,
0.337081;-1.000000;,
0.368300;-1.000000;,
0.368300;-0.000000;,
0.368300;-0.000000;,
0.368300;-1.000000;,
0.399519;-1.000000;,
0.399519;-0.000000;,
0.399519;-0.000000;,
0.399519;-1.000000;,
0.430738;-1.000000;,
0.430738;-0.000000;,
0.430738;-0.000000;,
0.430738;-1.000000;,
0.461956;-1.000000;,
0.461957;-0.000000;,
0.461957;-0.000000;,
0.461956;-1.000000;,
0.493175;-1.000000;,
0.493175;-0.000000;,
0.493175;-0.000000;,
0.493175;-1.000000;,
0.524394;-1.000000;,
0.524394;-0.000000;,
0.524394;-0.000000;,
0.524394;-1.000000;,
0.555613;-1.000000;,
0.555613;-0.000000;,
0.555613;-0.000000;,
0.555613;-1.000000;,
0.586832;-1.000000;,
0.586832;-0.000000;,
0.586832;-0.000000;,
0.586832;-1.000000;,
0.618050;-1.000000;,
0.618050;-0.000000;,
0.618050;-0.000000;,
0.618050;-1.000000;,
0.649269;-1.000000;,
0.649269;-0.000000;,
0.649269;-0.000000;,
0.649269;-1.000000;,
0.680488;-1.000000;,
0.680488;-0.000000;,
0.680488;-0.000000;,
0.680488;-1.000000;,
0.711707;-1.000000;,
0.711707;-0.000000;,
0.711707;-0.000000;,
0.711707;-1.000000;,
0.742925;-1.000000;,
0.742925;-0.000000;,
0.742925;-0.000000;,
0.742925;-1.000000;,
0.774144;-1.000000;,
0.774144;-0.000000;,
0.774144;-0.000000;,
0.774144;-1.000000;,
0.805363;-1.000000;,
0.805363;-0.000000;,
0.805363;-0.000000;,
0.805363;-1.000000;,
0.836582;-1.000000;,
0.836582;-0.000000;,
0.836582;-0.000000;,
0.836582;-1.000000;,
0.867801;-1.000000;,
0.867801;-0.000000;,
0.867801;-0.000000;,
0.867801;-1.000000;,
0.899019;-1.000000;,
0.899019;-0.000000;,
0.899019;-0.000000;,
0.899019;-1.000000;,
0.930238;-1.000000;,
0.930238;-0.000000;,
0.930238;-0.000000;,
0.930238;-1.000000;,
0.961457;-1.000000;,
0.961457;-0.000000;,
0.961457;-0.000000;,
0.961457;-1.000000;,
0.992676;-1.000000;,
0.992676;-0.000000;,
0.992676;-0.000000;,
0.992676;-1.000000;,
0.000499;-0.000500;,
0.999501;-0.999500;,
0.000500;-0.999501;,
0.999500;-0.000499;,
0.000499;-0.000500;,
0.999501;-0.999500;,
0.999500;-0.000499;,
0.000500;-0.999501;;
}// UV
}// mesh
