xof 0303txt 0032
// Exported by ParaEngine X file exporter V0.2
ParaXHeader header{
112,97,114,97;
1,0,0,0;
1;
0;
-0.499690;-0.204170;-0.467238;;
-0.250724;0.204170;0.467238;;
3;
}
Mesh mesh_object{
48; // 48 vertices 
-0.424759;-0.204170;0.467238;,
-0.499690;-0.204170;-0.467238;,
-0.424759;-0.204170;-0.467238;,
-0.499690;-0.204170;0.467238;,
-0.424759;0.204170;0.467238;,
-0.499690;0.204170;-0.467238;,
-0.499690;0.204170;0.467238;,
-0.424759;0.204170;-0.467238;,
-0.424759;-0.204170;0.467238;,
-0.499690;0.204170;0.467238;,
-0.499690;-0.204170;0.467238;,
-0.424759;0.204170;0.467238;,
-0.499690;-0.204170;0.467238;,
-0.499690;0.204170;-0.467238;,
-0.499690;-0.204170;-0.467238;,
-0.499690;0.204170;0.467238;,
-0.499690;-0.204170;-0.467238;,
-0.424759;0.204170;-0.467238;,
-0.424759;-0.204170;-0.467238;,
-0.499690;0.204170;-0.467238;,
-0.424759;-0.204170;0.467238;,
-0.424759;0.204170;-0.467238;,
-0.424759;0.204170;0.467238;,
-0.424759;-0.204170;-0.467238;,
-0.250724;-0.183406;0.419721;,
-0.429617;-0.183406;-0.419720;,
-0.250724;-0.183406;-0.419721;,
-0.429617;-0.183406;0.419720;,
-0.250724;0.183406;0.419721;,
-0.429617;0.183406;-0.419720;,
-0.429617;0.183406;0.419720;,
-0.250724;0.183406;-0.419721;,
-0.250724;-0.183406;0.419721;,
-0.429617;0.183406;0.419720;,
-0.429617;-0.183406;0.419720;,
-0.250724;0.183406;0.419721;,
-0.429617;-0.183406;0.419720;,
-0.429617;0.183406;-0.419720;,
-0.429617;-0.183406;-0.419720;,
-0.429617;0.183406;0.419720;,
-0.429617;-0.183406;-0.419720;,
-0.250724;0.183406;-0.419721;,
-0.250724;-0.183406;-0.419721;,
-0.429617;0.183406;-0.419720;,
-0.250724;-0.183406;0.419721;,
-0.250724;0.183406;-0.419721;,
-0.250724;0.183406;0.419721;,
-0.250724;-0.183406;-0.419721;;

24; // 24 faces 
3;0,1,2;,
3;1,0,3;,
3;4,5,6;,
3;5,4,7;,
3;8,9,10;,
3;9,8,11;,
3;12,13,14;,
3;13,12,15;,
3;16,17,18;,
3;17,16,19;,
3;20,21,22;,
3;21,20,23;,
3;24,25,26;,
3;25,24,27;,
3;28,29,30;,
3;29,28,31;,
3;32,33,34;,
3;33,32,35;,
3;36,37,38;,
3;37,36,39;,
3;40,41,42;,
3;41,40,43;,
3;44,45,46;,
3;45,44,47;;

MeshNormals {
48; // 48 normals 
0.000000;-1.000000;0.000000;,
0.000000;-1.000000;0.000000;,
0.000000;-1.000000;0.000000;,
0.000000;-1.000000;0.000000;,
0.000000;1.000000;0.000000;,
0.000000;1.000000;0.000000;,
0.000000;1.000000;0.000000;,
0.000000;1.000000;0.000000;,
0.000000;0.000000;1.000000;,
0.000000;0.000000;1.000000;,
0.000000;0.000000;1.000000;,
0.000000;0.000000;1.000000;,
-1.000000;0.000000;0.000000;,
-1.000000;0.000000;0.000000;,
-1.000000;0.000000;0.000000;,
-1.000000;0.000000;0.000000;,
-0.000000;0.000000;-1.000000;,
-0.000000;0.000000;-1.000000;,
-0.000000;0.000000;-1.000000;,
-0.000000;0.000000;-1.000000;,
1.000000;0.000000;-0.000000;,
1.000000;0.000000;-0.000000;,
1.000000;0.000000;-0.000000;,
1.000000;0.000000;-0.000000;,
0.000000;-1.000000;0.000000;,
0.000000;-1.000000;0.000000;,
0.000000;-1.000000;0.000000;,
0.000000;-1.000000;0.000000;,
0.000000;1.000000;0.000000;,
0.000000;1.000000;0.000000;,
0.000000;1.000000;0.000000;,
0.000000;1.000000;0.000000;,
-0.000000;0.000000;1.000000;,
-0.000000;0.000000;1.000000;,
-0.000000;0.000000;1.000000;,
-0.000000;0.000000;1.000000;,
-1.000000;0.000000;0.000000;,
-1.000000;0.000000;0.000000;,
-1.000000;0.000000;0.000000;,
-1.000000;0.000000;0.000000;,
-0.000000;0.000000;-1.000000;,
-0.000000;0.000000;-1.000000;,
-0.000000;0.000000;-1.000000;,
-0.000000;0.000000;-1.000000;,
1.000000;0.000000;-0.000000;,
1.000000;0.000000;-0.000000;,
1.000000;0.000000;-0.000000;,
1.000000;0.000000;-0.000000;;

24; // 24 faces 
3;0,1,2;,
3;1,0,3;,
3;4,5,6;,
3;5,4,7;,
3;8,9,10;,
3;9,8,11;,
3;12,13,14;,
3;13,12,15;,
3;16,17,18;,
3;17,16,19;,
3;20,21,22;,
3;21,20,23;,
3;24,25,26;,
3;25,24,27;,
3;28,29,30;,
3;29,28,31;,
3;32,33,34;,
3;33,32,35;,
3;36,37,38;,
3;37,36,39;,
3;40,41,42;,
3;41,40,43;,
3;44,45,46;,
3;45,44,47;;
}
MeshMaterialList {
 1; // Number of unique materials
 24; // Number of faces
0,0,0,0,0,0,0,0,0,0,0,0,0,0,0,0,0,0,0,0,0,0,0,0;;
Material {
0.588000;0.588000;0.588000;1.000000;;
0.0;
0.900000;0.900000;0.900000;;
1.000000;0.000000;0.000000;;
TextureFilename {"Texture/blocks/ItemFrame.png";}
}
}// materials
MeshTextureCoords {
48; // 48 UV
0.001534;-0.913116;,
0.045170;-0.101779;,
0.001479;-0.101779;,
0.045225;-0.913116;,
0.045225;-0.913116;,
0.001479;-0.101779;,
0.001534;-0.913116;,
0.045170;-0.101779;,
0.045225;-0.913116;,
0.001479;-0.101779;,
0.001534;-0.913116;,
0.045170;-0.101779;,
0.000000;-0.000000;,
1.000000;-1.000000;,
1.000000;-0.000000;,
0.000000;-1.000000;,
0.045225;-0.913116;,
0.001479;-0.101779;,
0.001534;-0.913116;,
0.045170;-0.101779;,
0.000000;-0.000000;,
1.000000;-1.000000;,
0.000000;-1.000000;,
1.000000;-0.000000;,
0.001534;-0.913116;,
0.045170;-0.101779;,
0.001479;-0.101779;,
0.045225;-0.913116;,
0.045225;-0.913116;,
0.001479;-0.101779;,
0.001534;-0.913116;,
0.045170;-0.101779;,
0.045225;-0.913116;,
0.001479;-0.101779;,
0.001534;-0.913116;,
0.045170;-0.101779;,
0.000000;-0.000000;,
1.000000;-1.000000;,
1.000000;-0.000000;,
0.000000;-1.000000;,
0.045225;-0.913116;,
0.001479;-0.101779;,
0.001534;-0.913116;,
0.045170;-0.101779;,
0.000000;-0.000000;,
1.000000;-1.000000;,
0.000000;-1.000000;,
1.000000;-0.000000;;
}// UV
}// mesh
