xof 0303txt 0032
// Exported by ParaEngine X file exporter V0.2
ParaXHeader header{
112,97,114,97;
1,0,0,0;
1;
0;
-0.077645;-0.500000;-0.500000;;
0.077645;0.499833;0.500000;;
3;
}
Mesh mesh_object{
24; // 24 vertices 
-0.077645;-0.500000;0.500000;,
0.077645;0.499833;0.500000;,
-0.077645;0.499833;0.500000;,
0.077645;-0.500000;0.500000;,
-0.077645;-0.500000;-0.500000;,
0.077645;0.499833;-0.500000;,
0.077645;-0.500000;-0.500000;,
-0.077645;0.499833;-0.500000;,
-0.077645;-0.500000;0.500000;,
0.077645;-0.500000;-0.500000;,
0.077645;-0.500000;0.500000;,
-0.077645;-0.500000;-0.500000;,
0.077645;-0.500000;0.500000;,
0.077645;0.499833;-0.500000;,
0.077645;0.499833;0.500000;,
0.077645;-0.500000;-0.500000;,
-0.077645;0.499833;0.500000;,
-0.077645;-0.500000;-0.500000;,
-0.077645;-0.500000;0.500000;,
-0.077645;0.499833;-0.500000;,
-0.077645;0.499833;0.500000;,
0.077645;0.499833;-0.500000;,
-0.077645;0.499833;-0.500000;,
0.077645;0.499833;0.500000;;

12; // 12 faces 
3;0,1,2;,
3;1,0,3;,
3;4,5,6;,
3;5,4,7;,
3;8,9,10;,
3;9,8,11;,
3;12,13,14;,
3;13,12,15;,
3;16,17,18;,
3;17,16,19;,
3;20,21,22;,
3;21,20,23;;

MeshNormals {
24; // 24 normals 
0.000000;0.000000;1.000000;,
0.000000;0.000000;1.000000;,
0.000000;0.000000;1.000000;,
0.000000;0.000000;1.000000;,
0.000000;0.000000;-1.000000;,
0.000000;0.000000;-1.000000;,
0.000000;0.000000;-1.000000;,
0.000000;0.000000;-1.000000;,
0.000000;-1.000000;0.000000;,
0.000000;-1.000000;0.000000;,
0.000000;-1.000000;0.000000;,
0.000000;-1.000000;0.000000;,
1.000000;0.000000;0.000000;,
1.000000;0.000000;0.000000;,
1.000000;0.000000;0.000000;,
1.000000;0.000000;0.000000;,
-1.000000;0.000000;0.000000;,
-1.000000;0.000000;0.000000;,
-1.000000;0.000000;0.000000;,
-1.000000;0.000000;0.000000;,
0.000000;1.000000;0.000000;,
0.000000;1.000000;0.000000;,
0.000000;1.000000;0.000000;,
0.000000;1.000000;0.000000;;

12; // 12 faces 
3;0,1,2;,
3;1,0,3;,
3;4,5,6;,
3;5,4,7;,
3;8,9,10;,
3;9,8,11;,
3;12,13,14;,
3;13,12,15;,
3;16,17,18;,
3;17,16,19;,
3;20,21,22;,
3;21,20,23;;
}
MeshMaterialList {
 1; // Number of unique materials
 12; // Number of faces
0,0,0,0,0,0,0,0,0,0,0,0;;
Material {
0.588000;0.588000;0.588000;1.000000;;
0.0;
0.900000;0.900000;0.900000;;
1.000000;0.000000;0.000000;;
TextureFilename {"Texture/blocks/door_iron_lower.png;2";}
}
}// materials
MeshTextureCoords {
24; // 24 UV
0.005445;-0.011696;,
0.005445;-0.996063;,
0.005445;-0.996063;,
0.005445;-0.011696;,
0.994555;-0.011696;,
0.994555;-0.996063;,
0.994555;-0.011696;,
0.994555;-0.996063;,
0.005445;-0.011696;,
0.994555;-0.011696;,
0.005445;-0.011696;,
0.994555;-0.011696;,
0.005445;-0.011696;,
0.994555;-0.996063;,
0.005445;-0.996063;,
0.994555;-0.011696;,
0.005445;-0.996063;,
0.994555;-0.011696;,
0.005445;-0.011696;,
0.994555;-0.996063;,
0.010342;-0.979326;,
0.997337;-0.980286;,
0.997336;-0.980286;,
0.010342;-0.979326;;
}// UV
}// mesh
