xof 0303txt 0032
// Exported by ParaEngine X file exporter V0.2
ParaXHeader header{
112,97,114,97;
1,0,0,0;
1;
0;
-0.090818;-0.038972;-0.104868;;
1.003875;1.015714;1.003875;;
3;
}
Mesh mesh_object{
144; // 144 vertices 
0.000000;0.000373;-0.024180;,
0.020940;0.811605;0.012090;,
0.020940;0.000373;0.012090;,
0.020940;0.811605;0.012090;,
0.000000;0.000373;-0.024180;,
-0.000000;0.811605;-0.024180;,
0.020940;0.000373;0.012090;,
-0.020940;0.811605;0.012090;,
-0.020940;0.000373;0.012090;,
-0.020940;0.811605;0.012090;,
0.020940;0.000373;0.012090;,
0.020940;0.811605;0.012090;,
-0.020940;0.000373;0.012090;,
-0.000000;0.811605;-0.024180;,
0.000000;0.000373;-0.024180;,
-0.000000;0.811605;-0.024180;,
-0.020940;0.000373;0.012090;,
-0.020940;0.811605;0.012090;,
-0.020940;0.000373;0.012090;,
0.000000;0.000373;-0.024180;,
0.020940;0.000373;0.012090;,
-0.000000;0.811605;-0.024180;,
0.090818;0.822073;0.052434;,
0.020940;0.811605;0.012090;,
0.090818;0.822073;0.052434;,
-0.000000;0.811605;-0.024180;,
-0.000000;0.822073;-0.104868;,
0.020940;0.811605;0.012090;,
-0.090818;0.822073;0.052434;,
-0.020940;0.811605;0.012090;,
-0.090818;0.822073;0.052434;,
0.020940;0.811605;0.012090;,
0.090818;0.822073;0.052434;,
-0.020940;0.811605;0.012090;,
-0.000000;0.822073;-0.104868;,
-0.000000;0.811605;-0.024180;,
-0.000000;0.822073;-0.104868;,
-0.020940;0.811605;0.012090;,
-0.090818;0.822073;0.052434;,
-0.000000;0.822073;-0.104868;,
-0.000000;1.015714;-0.000000;,
0.090818;0.822073;0.052434;,
0.090818;0.822073;0.052434;,
-0.000000;1.015714;-0.000000;,
-0.090818;0.822073;0.052434;,
-0.090818;0.822073;0.052434;,
-0.000000;1.015714;-0.000000;,
-0.000000;0.822073;-0.104868;,
-0.000000;0.035979;0.009117;,
0.019501;0.002203;0.799767;,
0.019501;0.002203;0.009117;,
0.019501;0.002203;0.799767;,
-0.000000;0.035979;0.009117;,
-0.000000;0.035979;0.799767;,
0.019501;0.002203;0.009117;,
-0.019501;0.002203;0.799767;,
-0.019501;0.002203;0.009117;,
-0.019501;0.002203;0.799767;,
0.019501;0.002203;0.009117;,
0.019501;0.002203;0.799767;,
-0.019501;0.002203;0.009117;,
-0.000000;0.035979;0.799767;,
-0.000000;0.035979;0.009117;,
-0.000000;0.035979;0.799767;,
-0.019501;0.002203;0.009117;,
-0.019501;0.002203;0.799767;,
-0.019501;0.002203;0.009117;,
-0.000000;0.035979;0.009117;,
0.019501;0.002203;0.009117;,
-0.000000;0.035979;0.799767;,
0.090818;-0.038972;0.810234;,
0.019501;0.002203;0.799767;,
0.090818;-0.038972;0.810234;,
-0.000000;0.035979;0.799767;,
-0.000000;0.118329;0.810234;,
0.019501;0.002203;0.799767;,
-0.090818;-0.038972;0.810234;,
-0.019501;0.002203;0.799767;,
-0.090818;-0.038972;0.810234;,
0.019501;0.002203;0.799767;,
0.090818;-0.038972;0.810234;,
-0.019501;0.002203;0.799767;,
-0.000000;0.118329;0.810234;,
-0.000000;0.035979;0.799767;,
-0.000000;0.118329;0.810234;,
-0.019501;0.002203;0.799767;,
-0.090818;-0.038972;0.810234;,
-0.000000;0.118329;0.810234;,
-0.000000;0.013462;1.003875;,
0.090818;-0.038972;0.810234;,
0.090818;-0.038972;0.810234;,
-0.000000;0.013462;1.003875;,
-0.090818;-0.038972;0.810234;,
-0.090818;-0.038972;0.810234;,
-0.000000;0.013462;1.003875;,
-0.000000;0.118329;0.810234;,
-0.000000;0.038009;-0.000000;,
0.799767;0.004233;-0.019501;,
0.000000;0.004233;-0.019501;,
0.799767;0.004233;-0.019501;,
-0.000000;0.038009;-0.000000;,
0.799767;0.038009;0.000000;,
0.000000;0.004233;-0.019501;,
0.799767;0.004233;0.019501;,
-0.000000;0.004233;0.019501;,
0.799767;0.004233;0.019501;,
0.000000;0.004233;-0.019501;,
0.799767;0.004233;-0.019501;,
-0.000000;0.004233;0.019501;,
0.799767;0.038009;0.000000;,
-0.000000;0.038009;-0.000000;,
0.799767;0.038009;0.000000;,
-0.000000;0.004233;0.019501;,
0.799767;0.004233;0.019501;,
-0.000000;0.004233;0.019501;,
-0.000000;0.038009;-0.000000;,
0.000000;0.004233;-0.019501;,
0.799767;0.038009;0.000000;,
0.810234;-0.036942;-0.090818;,
0.799767;0.004233;-0.019501;,
0.810234;-0.036942;-0.090818;,
0.799767;0.038009;0.000000;,
0.810234;0.120359;0.000000;,
0.799767;0.004233;-0.019501;,
0.810234;-0.036942;0.090818;,
0.799767;0.004233;0.019501;,
0.810234;-0.036942;0.090818;,
0.799767;0.004233;-0.019501;,
0.810234;-0.036942;-0.090818;,
0.799767;0.004233;0.019501;,
0.810234;0.120359;0.000000;,
0.799767;0.038009;0.000000;,
0.810234;0.120359;0.000000;,
0.799767;0.004233;0.019501;,
0.810234;-0.036942;0.090818;,
0.810234;0.120359;0.000000;,
1.003875;0.015491;0.000000;,
0.810234;-0.036942;-0.090818;,
0.810234;-0.036942;-0.090818;,
1.003875;0.015491;0.000000;,
0.810234;-0.036942;0.090818;,
0.810234;-0.036942;0.090818;,
1.003875;0.015491;0.000000;,
0.810234;0.120359;0.000000;;

48; // 48 faces 
3;0,1,2;,
3;3,4,5;,
3;6,7,8;,
3;9,10,11;,
3;12,13,14;,
3;15,16,17;,
3;18,19,20;,
3;21,22,23;,
3;24,25,26;,
3;27,28,29;,
3;30,31,32;,
3;33,34,35;,
3;36,37,38;,
3;39,40,41;,
3;42,43,44;,
3;45,46,47;,
3;48,49,50;,
3;51,52,53;,
3;54,55,56;,
3;57,58,59;,
3;60,61,62;,
3;63,64,65;,
3;66,67,68;,
3;69,70,71;,
3;72,73,74;,
3;75,76,77;,
3;78,79,80;,
3;81,82,83;,
3;84,85,86;,
3;87,88,89;,
3;90,91,92;,
3;93,94,95;,
3;96,97,98;,
3;99,100,101;,
3;102,103,104;,
3;105,106,107;,
3;108,109,110;,
3;111,112,113;,
3;114,115,116;,
3;117,118,119;,
3;120,121,122;,
3;123,124,125;,
3;126,127,128;,
3;129,130,131;,
3;132,133,134;,
3;135,136,137;,
3;138,139,140;,
3;141,142,143;;

MeshNormals {
144; // 144 normals 
0.866025;0.000000;-0.500000;,
0.866025;0.000000;-0.500000;,
0.866025;0.000000;-0.500000;,
0.866025;0.000000;-0.500000;,
0.866025;0.000000;-0.500000;,
0.866025;0.000000;-0.500000;,
0.000000;0.000000;1.000000;,
0.000000;0.000000;1.000000;,
0.000000;0.000000;1.000000;,
-0.000000;0.000000;1.000000;,
-0.000000;0.000000;1.000000;,
-0.000000;0.000000;1.000000;,
-0.866025;-0.000000;-0.500000;,
-0.866025;-0.000000;-0.500000;,
-0.866025;-0.000000;-0.500000;,
-0.866025;-0.000000;-0.500000;,
-0.866025;-0.000000;-0.500000;,
-0.866025;-0.000000;-0.500000;,
0.000000;-1.000000;0.000001;,
0.000000;-1.000000;0.000001;,
0.000000;-1.000000;0.000001;,
0.217489;-0.967952;-0.125567;,
0.217489;-0.967952;-0.125567;,
0.217489;-0.967952;-0.125567;,
0.217489;-0.967952;-0.125567;,
0.217489;-0.967952;-0.125567;,
0.217489;-0.967952;-0.125567;,
0.000000;-0.967952;0.251134;,
0.000000;-0.967952;0.251134;,
0.000000;-0.967952;0.251134;,
0.000000;-0.967952;0.251134;,
0.000000;-0.967952;0.251134;,
0.000000;-0.967952;0.251134;,
-0.217488;-0.967952;-0.125567;,
-0.217488;-0.967952;-0.125567;,
-0.217488;-0.967952;-0.125567;,
-0.217488;-0.967952;-0.125567;,
-0.217488;-0.967952;-0.125567;,
-0.217488;-0.967952;-0.125567;,
0.835922;0.261366;-0.482620;,
0.835922;0.261366;-0.482620;,
0.835922;0.261366;-0.482620;,
-0.000000;0.261366;0.965240;,
-0.000000;0.261366;0.965240;,
-0.000000;0.261366;0.965240;,
-0.835922;0.261366;-0.482620;,
-0.835922;0.261366;-0.482620;,
-0.835922;0.261366;-0.482620;,
0.866025;0.500000;0.000000;,
0.866025;0.500000;0.000000;,
0.866025;0.500000;0.000000;,
0.866025;0.500000;0.000000;,
0.866025;0.500000;0.000000;,
0.866025;0.500000;0.000000;,
0.000000;-1.000000;0.000000;,
0.000000;-1.000000;0.000000;,
0.000000;-1.000000;0.000000;,
0.000000;-1.000000;0.000000;,
0.000000;-1.000000;0.000000;,
0.000000;-1.000000;0.000000;,
-0.866025;0.500000;-0.000000;,
-0.866026;0.500000;-0.000000;,
-0.866026;0.500000;-0.000000;,
-0.866025;0.500000;-0.000000;,
-0.866026;0.500000;-0.000000;,
-0.866025;0.500000;-0.000000;,
0.000000;0.000000;-1.000000;,
0.000000;0.000000;-1.000000;,
0.000000;0.000000;-1.000000;,
0.213368;0.123188;-0.969174;,
0.213368;0.123188;-0.969174;,
0.213368;0.123188;-0.969174;,
0.213368;0.123188;-0.969174;,
0.213368;0.123188;-0.969174;,
0.213368;0.123188;-0.969174;,
-0.000000;-0.246376;-0.969174;,
-0.000000;-0.246377;-0.969174;,
-0.000000;-0.246376;-0.969174;,
-0.000000;-0.246376;-0.969174;,
-0.000000;-0.246376;-0.969174;,
-0.000000;-0.246376;-0.969174;,
-0.213368;0.123188;-0.969174;,
-0.213368;0.123188;-0.969174;,
-0.213368;0.123188;-0.969174;,
-0.213368;0.123188;-0.969174;,
-0.213368;0.123188;-0.969174;,
-0.213368;0.123188;-0.969174;,
0.835922;0.482620;0.261366;,
0.835922;0.482620;0.261366;,
0.835922;0.482620;0.261366;,
0.000000;-0.965240;0.261366;,
0.000000;-0.965240;0.261366;,
0.000000;-0.965240;0.261366;,
-0.835922;0.482620;0.261366;,
-0.835922;0.482620;0.261366;,
-0.835922;0.482620;0.261366;,
0.000000;0.500000;-0.866025;,
0.000000;0.500000;-0.866025;,
0.000000;0.500000;-0.866025;,
0.000000;0.500000;-0.866025;,
0.000000;0.500000;-0.866025;,
0.000000;0.500000;-0.866025;,
0.000000;-1.000000;0.000000;,
0.000000;-1.000000;0.000000;,
0.000000;-1.000000;0.000000;,
0.000000;-1.000000;0.000000;,
0.000000;-1.000000;0.000000;,
0.000000;-1.000000;0.000000;,
-0.000000;0.500000;0.866025;,
-0.000000;0.500000;0.866025;,
-0.000000;0.500000;0.866025;,
-0.000000;0.500000;0.866025;,
-0.000000;0.500000;0.866025;,
-0.000000;0.500000;0.866025;,
-1.000000;-0.000000;-0.000000;,
-1.000000;-0.000000;-0.000000;,
-1.000000;-0.000000;-0.000000;,
-0.969174;0.123188;-0.213368;,
-0.969174;0.123188;-0.213368;,
-0.969174;0.123188;-0.213368;,
-0.969174;0.123188;-0.213368;,
-0.969174;0.123188;-0.213368;,
-0.969174;0.123188;-0.213368;,
-0.969174;-0.246376;0.000000;,
-0.969174;-0.246377;0.000000;,
-0.969174;-0.246376;0.000000;,
-0.969174;-0.246376;0.000000;,
-0.969174;-0.246376;0.000000;,
-0.969174;-0.246376;0.000000;,
-0.969174;0.123188;0.213368;,
-0.969174;0.123188;0.213368;,
-0.969174;0.123188;0.213368;,
-0.969174;0.123188;0.213368;,
-0.969174;0.123188;0.213368;,
-0.969174;0.123188;0.213368;,
0.261366;0.482620;-0.835922;,
0.261366;0.482620;-0.835922;,
0.261366;0.482620;-0.835922;,
0.261366;-0.965240;0.000000;,
0.261366;-0.965240;0.000000;,
0.261366;-0.965240;0.000000;,
0.261366;0.482620;0.835922;,
0.261366;0.482620;0.835922;,
0.261366;0.482620;0.835922;;

48; // 48 faces 
3;0,1,2;,
3;3,4,5;,
3;6,7,8;,
3;9,10,11;,
3;12,13,14;,
3;15,16,17;,
3;18,19,20;,
3;21,22,23;,
3;24,25,26;,
3;27,28,29;,
3;30,31,32;,
3;33,34,35;,
3;36,37,38;,
3;39,40,41;,
3;42,43,44;,
3;45,46,47;,
3;48,49,50;,
3;51,52,53;,
3;54,55,56;,
3;57,58,59;,
3;60,61,62;,
3;63,64,65;,
3;66,67,68;,
3;69,70,71;,
3;72,73,74;,
3;75,76,77;,
3;78,79,80;,
3;81,82,83;,
3;84,85,86;,
3;87,88,89;,
3;90,91,92;,
3;93,94,95;,
3;96,97,98;,
3;99,100,101;,
3;102,103,104;,
3;105,106,107;,
3;108,109,110;,
3;111,112,113;,
3;114,115,116;,
3;117,118,119;,
3;120,121,122;,
3;123,124,125;,
3;126,127,128;,
3;129,130,131;,
3;132,133,134;,
3;135,136,137;,
3;138,139,140;,
3;141,142,143;;
}
MeshMaterialList {
 1; // Number of unique materials
 48; // Number of faces
0,0,0,0,0,0,0,0,0,0,0,0,0,0,0,0,0,0,0,0,0,0,0,0,0,0,0,0,0,0,0,0,0,0,0,0,0,0,0,0,0,0,0,0,0,0,0,0;;
Material {
1.000000;1.000000;1.000000;1.000000;;
0.0;
0.900000;0.900000;0.900000;;
1.000000;0.000000;0.000000;;
TextureFilename {"Texture/blocks/Colours.png";}
}
}// materials
MeshTextureCoords {
144; // 144 UV
0.145901;-0.359642;,
0.177985;-0.445260;,
0.177985;-0.359642;,
0.177985;-0.445260;,
0.145901;-0.359642;,
0.145901;-0.445260;,
0.081732;-0.359642;,
0.113816;-0.445260;,
0.113816;-0.359642;,
0.113816;-0.445260;,
0.081732;-0.359642;,
0.081732;-0.445260;,
0.113816;-0.359642;,
0.145901;-0.445260;,
0.145901;-0.359642;,
0.145901;-0.445260;,
0.113816;-0.359642;,
0.113816;-0.445260;,
0.163516;-0.381047;,
0.121837;-0.445260;,
0.080159;-0.381047;,
0.145901;-0.445260;,
0.080159;-0.381047;,
0.177985;-0.445260;,
0.080159;-0.381047;,
0.145901;-0.445260;,
0.121837;-0.445260;,
0.081732;-0.445260;,
0.163516;-0.381047;,
0.113816;-0.445260;,
0.163516;-0.381047;,
0.081732;-0.445260;,
0.080159;-0.381047;,
0.113816;-0.445260;,
0.121837;-0.445260;,
0.145901;-0.445260;,
0.121837;-0.445260;,
0.113816;-0.445260;,
0.163516;-0.381047;,
0.121837;-0.445260;,
0.121837;-0.402451;,
0.080159;-0.381047;,
0.080159;-0.381047;,
0.121837;-0.402451;,
0.163516;-0.381047;,
0.163516;-0.381047;,
0.121837;-0.402451;,
0.121837;-0.445260;,
0.153974;-0.580533;,
0.195760;-0.706401;,
0.195760;-0.580533;,
0.195760;-0.706401;,
0.153974;-0.580533;,
0.153974;-0.706401;,
0.070401;-0.580533;,
0.112188;-0.706401;,
0.112188;-0.580533;,
0.112188;-0.706401;,
0.070401;-0.580533;,
0.070401;-0.706401;,
0.112188;-0.580533;,
0.153974;-0.706401;,
0.153974;-0.580533;,
0.153974;-0.706401;,
0.112188;-0.580533;,
0.112188;-0.706401;,
0.176916;-0.612000;,
0.122634;-0.706401;,
0.068352;-0.612000;,
0.153974;-0.706401;,
0.068352;-0.612000;,
0.195760;-0.706401;,
0.068352;-0.612000;,
0.153974;-0.706401;,
0.122634;-0.706401;,
0.070401;-0.706401;,
0.176916;-0.612000;,
0.112188;-0.706401;,
0.176916;-0.612000;,
0.070401;-0.706401;,
0.068352;-0.612000;,
0.112188;-0.706401;,
0.122634;-0.706401;,
0.153974;-0.706401;,
0.122634;-0.706401;,
0.112188;-0.706401;,
0.176916;-0.612000;,
0.122634;-0.706401;,
0.122634;-0.643467;,
0.068352;-0.612000;,
0.068352;-0.612000;,
0.122634;-0.643467;,
0.176916;-0.612000;,
0.176916;-0.612000;,
0.122634;-0.643467;,
0.122634;-0.706401;,
0.125663;-0.870552;,
0.160733;-0.951036;,
0.160733;-0.870552;,
0.160733;-0.951036;,
0.125663;-0.870552;,
0.125663;-0.951036;,
0.055524;-0.870552;,
0.090594;-0.951036;,
0.090594;-0.870552;,
0.090594;-0.951036;,
0.055524;-0.870552;,
0.055524;-0.951036;,
0.090594;-0.870552;,
0.125663;-0.951036;,
0.125663;-0.870552;,
0.125663;-0.951036;,
0.090594;-0.870552;,
0.090594;-0.951036;,
0.144918;-0.890673;,
0.099361;-0.951036;,
0.053805;-0.890673;,
0.125663;-0.951036;,
0.053805;-0.890673;,
0.160733;-0.951036;,
0.053805;-0.890673;,
0.125663;-0.951036;,
0.099361;-0.951036;,
0.055524;-0.951036;,
0.144918;-0.890673;,
0.090594;-0.951036;,
0.144918;-0.890673;,
0.055524;-0.951036;,
0.053805;-0.890673;,
0.090594;-0.951036;,
0.099361;-0.951036;,
0.125663;-0.951036;,
0.099361;-0.951036;,
0.090594;-0.951036;,
0.144918;-0.890673;,
0.099361;-0.951036;,
0.099361;-0.910794;,
0.053805;-0.890673;,
0.053805;-0.890673;,
0.099361;-0.910794;,
0.144918;-0.890673;,
0.144918;-0.890673;,
0.099361;-0.910794;,
0.099361;-0.951036;;
}// UV
}// mesh
