xof 0303txt 0032
// Exported by ParaEngine X file exporter V0.2
ParaXHeader header{
112,97,114,97;
1,0,0,0;
1;
0;
-0.499304;-0.500000;-0.500851;;
0.500697;0.500000;0.499149;;
3;
}
Mesh mesh_object{
60; // 60 vertices 
0.000696;0.500000;0.499149;,
-0.499304;-0.500000;0.499149;,
0.000696;-0.002593;0.499149;,
-0.499304;0.500000;0.499149;,
0.000696;0.500000;0.499149;,
0.000696;-0.002593;-0.000851;,
0.000696;0.500000;-0.000851;,
0.000696;-0.002593;0.499149;,
-0.499304;0.500000;0.499149;,
0.000696;0.500000;-0.000851;,
-0.499304;0.500000;-0.500851;,
0.000696;0.500000;0.499149;,
-0.499304;-0.500000;0.499149;,
-0.499304;0.500000;-0.500851;,
-0.499304;-0.500000;-0.500851;,
-0.499304;0.500000;0.499149;,
0.000696;-0.500000;0.499149;,
0.500696;-0.251296;0.499149;,
0.000696;-0.251296;0.499149;,
0.500696;-0.500000;0.499149;,
0.500696;-0.500000;-0.500851;,
0.500696;-0.500000;-0.000851;,
-0.499304;-0.500000;-0.500851;,
0.500696;-0.002593;0.499149;,
0.000696;-0.002593;-0.000851;,
0.000696;-0.002593;0.499149;,
-0.499304;-0.500000;-0.500851;,
0.500697;0.500000;-0.500851;,
0.500696;-0.500000;-0.500851;,
-0.499304;0.500000;-0.500851;,
0.500696;-0.251296;0.499149;,
0.500696;-0.500000;-0.000851;,
0.500696;-0.251296;-0.000851;,
0.500696;-0.500000;0.499149;,
0.500696;-0.002593;-0.000851;,
0.500696;0.500000;-0.000851;,
0.000696;-0.002593;-0.000851;,
0.500696;-0.002593;-0.000851;,
0.000696;0.500000;-0.000851;,
0.500697;0.500000;-0.500851;,
0.500696;0.500000;-0.000851;,
-0.499304;0.500000;-0.500851;,
0.500696;-0.002593;-0.000851;,
0.500696;-0.500000;-0.500851;,
0.000696;-0.002593;0.499149;,
0.500696;-0.002593;0.499149;,
0.000696;-0.251296;0.499149;,
0.500696;-0.002593;0.499149;,
0.500696;-0.002593;-0.000851;,
0.500696;-0.002593;-0.000851;,
0.500697;0.500000;-0.500851;,
0.500696;0.500000;-0.000851;,
0.500696;-0.500000;-0.500851;,
0.000696;-0.500000;0.499149;,
0.500696;-0.500000;-0.000851;,
0.500696;-0.500000;0.499149;,
-0.499304;-0.500000;-0.500851;,
-0.499304;-0.500000;-0.500851;,
0.000696;-0.500000;0.499149;,
-0.499304;-0.500000;0.499149;;

34; // 34 faces 
3;0,1,2;,
3;1,0,3;,
3;4,5,6;,
3;5,4,7;,
3;8,9,10;,
3;9,8,11;,
3;12,13,14;,
3;13,12,15;,
3;16,17,18;,
3;17,16,19;,
3;20,21,22;,
3;23,24,25;,
3;26,27,28;,
3;27,26,29;,
3;30,31,32;,
3;31,30,33;,
3;34,24,23;,
3;35,36,37;,
3;36,35,38;,
3;39,9,40;,
3;9,39,41;,
3;42,32,43;,
3;16,18,1;,
3;44,17,45;,
3;17,44,46;,
3;47,32,48;,
3;32,47,30;,
3;49,50,51;,
3;50,49,52;,
3;43,32,31;,
3;1,18,2;,
3;53,54,55;,
3;54,53,56;,
3;57,58,59;;

MeshNormals {
60; // 60 normals 
0.000000;0.000000;1.000000;,
0.000000;0.000000;1.000000;,
0.000000;0.000000;1.000000;,
0.000000;0.000000;1.000000;,
1.000000;0.000000;0.000000;,
1.000000;0.000000;0.000000;,
1.000000;0.000000;0.000000;,
1.000000;0.000000;0.000000;,
0.000000;1.000000;0.000000;,
0.000000;1.000000;0.000000;,
0.000000;1.000000;0.000000;,
0.000000;1.000000;0.000000;,
-1.000000;0.000000;0.000000;,
-1.000000;0.000000;0.000000;,
-1.000000;0.000000;0.000000;,
-1.000000;0.000000;0.000000;,
0.000000;0.000000;1.000000;,
0.000000;0.000000;1.000000;,
0.000000;0.000000;1.000000;,
0.000000;0.000000;1.000000;,
0.000000;-1.000000;-0.000000;,
0.000000;-1.000000;-0.000000;,
0.000000;-1.000000;-0.000000;,
0.000000;1.000000;0.000000;,
0.000000;1.000000;0.000000;,
0.000000;1.000000;0.000000;,
0.000000;0.000000;-1.000000;,
0.000000;0.000000;-1.000000;,
0.000000;0.000000;-1.000000;,
0.000000;0.000000;-1.000000;,
1.000000;0.000000;0.000000;,
1.000000;0.000000;0.000000;,
1.000000;0.000000;0.000000;,
1.000000;0.000000;0.000000;,
0.000000;1.000000;0.000000;,
0.000000;0.000000;1.000000;,
0.000000;0.000000;1.000000;,
0.000000;0.000000;1.000000;,
0.000000;0.000000;1.000000;,
0.000000;1.000000;0.000000;,
0.000000;1.000000;0.000000;,
0.000000;1.000000;0.000000;,
1.000000;0.000000;0.000000;,
1.000000;0.000000;0.000000;,
0.000000;0.000000;1.000000;,
0.000000;0.000000;1.000000;,
0.000000;0.000000;1.000000;,
1.000000;0.000000;0.000000;,
1.000000;0.000000;0.000000;,
1.000000;-0.000000;0.000000;,
1.000000;-0.000000;0.000000;,
1.000000;-0.000000;0.000000;,
1.000000;-0.000000;0.000000;,
0.000000;-1.000000;0.000000;,
0.000000;-1.000000;0.000000;,
0.000000;-1.000000;0.000000;,
0.000000;-1.000000;0.000000;,
0.000000;-1.000000;-0.000000;,
0.000000;-1.000000;-0.000000;,
0.000000;-1.000000;-0.000000;;

34; // 34 faces 
3;0,1,2;,
3;1,0,3;,
3;4,5,6;,
3;5,4,7;,
3;8,9,10;,
3;9,8,11;,
3;12,13,14;,
3;13,12,15;,
3;16,17,18;,
3;17,16,19;,
3;20,21,22;,
3;23,24,25;,
3;26,27,28;,
3;27,26,29;,
3;30,31,32;,
3;31,30,33;,
3;34,24,23;,
3;35,36,37;,
3;36,35,38;,
3;39,9,40;,
3;9,39,41;,
3;42,32,43;,
3;16,18,1;,
3;44,17,45;,
3;17,44,46;,
3;47,32,48;,
3;32,47,30;,
3;49,50,51;,
3;50,49,52;,
3;43,32,31;,
3;1,18,2;,
3;53,54,55;,
3;54,53,56;,
3;57,58,59;;
}
MeshMaterialList {
 1; // Number of unique materials
 34; // Number of faces
0,0,0,0,0,0,0,0,0,0,0,0,0,0,0,0,0,0,0,0,0,0,0,0,0,0,0,0,0,0,0,0,0,0;;
Material {
0.588000;0.588000;0.588000;1.000000;;
0.0;
0.900000;0.900000;0.900000;;
1.000000;0.000000;0.000000;;
TextureFilename {"Texture/blocks/planks_oak.png;2";}
}
}// materials
MeshTextureCoords {
60; // 60 UV
0.502174;-0.998000;,
0.998000;-0.002000;,
0.502174;-0.500000;,
0.998000;-0.998000;,
0.002000;-0.002000;,
0.502174;-0.750000;,
0.502174;-0.002000;,
0.002000;-0.750000;,
0.002000;-0.998000;,
0.502174;-0.002000;,
0.998000;-0.998000;,
0.002000;-0.002000;,
0.002000;-0.002000;,
0.998000;-0.998000;,
0.998000;-0.002000;,
0.002000;-0.998000;,
0.500000;-0.002000;,
0.002000;-0.251000;,
0.501087;-0.251000;,
0.002000;-0.002000;,
0.998000;-0.002000;,
0.500000;-0.002000;,
0.998000;-0.998000;,
0.998000;-0.998000;,
0.502174;-0.500000;,
0.998000;-0.500000;,
0.002000;-0.002000;,
0.998000;-0.998000;,
0.998000;-0.002000;,
0.002000;-0.998000;,
0.998000;-0.251000;,
0.500000;-0.002000;,
0.501087;-0.251000;,
0.998000;-0.002000;,
0.998000;-0.500000;,
0.998000;-0.002000;,
0.502174;-0.750000;,
0.998000;-0.750000;,
0.502174;-0.002000;,
0.998000;-0.998000;,
0.998000;-0.002000;,
0.002000;-0.998000;,
0.502174;-0.500000;,
0.002000;-0.002000;,
0.502174;-0.998000;,
0.002000;-0.998000;,
0.501087;-0.251000;,
0.998000;-0.998000;,
0.502174;-0.998000;,
0.502174;-0.500000;,
0.002000;-0.998000;,
0.502174;-0.998000;,
0.002000;-0.002000;,
0.002000;-0.500000;,
0.500000;-0.002000;,
0.002000;-0.002000;,
0.998000;-0.998000;,
0.998000;-0.998000;,
0.002000;-0.500000;,
0.002000;-0.998000;;
}// UV
}// mesh
