xof 0303txt 0032
// Exported by ParaEngine X file exporter V0.2
ParaXHeader header{
112,97,114,97;
1,0,0,0;
1;
0;
-0.500000;-0.500000;-0.500000;;
0.500000;0.500000;0.500000;;
3;
}
Mesh mesh_object{
32; // 32 vertices 
-0.500000;-0.500000;-0.500000;,
0.500000;-0.500000;0.500000;,
-0.500000;-0.500000;0.500000;,
0.500000;-0.500000;-0.500000;,
-0.500000;-0.500000;-0.500000;,
0.500000;0.000000;-0.500000;,
0.500000;-0.500000;-0.500000;,
-0.500000;0.000000;-0.500000;,
-0.500000;0.000000;-0.500000;,
0.000000;0.500000;0.000000;,
0.500000;0.000000;-0.500000;,
0.500000;-0.500000;-0.500000;,
0.500000;0.000000;0.500000;,
0.500000;-0.500000;0.500000;,
0.500000;0.000000;-0.500000;,
0.500000;0.000000;-0.500000;,
0.000000;0.500000;0.000000;,
0.500000;0.000000;0.500000;,
0.500000;-0.500000;0.500000;,
-0.500000;0.000000;0.500000;,
-0.500000;-0.500000;0.500000;,
0.500000;0.000000;0.500000;,
0.500000;0.000000;0.500000;,
0.000000;0.500000;0.000000;,
-0.500000;0.000000;0.500000;,
-0.500000;-0.500000;0.500000;,
-0.500000;0.000000;-0.500000;,
-0.500000;-0.500000;-0.500000;,
-0.500000;0.000000;0.500000;,
-0.500000;0.000000;0.500000;,
0.000000;0.500000;0.000000;,
-0.500000;0.000000;-0.500000;;

14; // 14 faces 
3;0,1,2;,
3;1,0,3;,
3;4,5,6;,
3;5,4,7;,
3;8,9,10;,
3;11,12,13;,
3;12,11,14;,
3;15,16,17;,
3;18,19,20;,
3;19,18,21;,
3;22,23,24;,
3;25,26,27;,
3;26,25,28;,
3;29,30,31;;

MeshNormals {
32; // 32 normals 
0.000000;-1.000000;0.000000;,
0.000000;-1.000000;0.000000;,
0.000000;-1.000000;0.000000;,
0.000000;-1.000000;0.000000;,
0.000000;0.000000;-1.000000;,
0.000000;0.000000;-1.000000;,
0.000000;0.000000;-1.000000;,
0.000000;0.000000;-1.000000;,
0.000000;0.707107;-0.707107;,
0.000000;0.707107;-0.707107;,
0.000000;0.707107;-0.707107;,
1.000000;0.000000;0.000000;,
1.000000;0.000000;0.000000;,
1.000000;0.000000;0.000000;,
1.000000;0.000000;0.000000;,
0.707107;0.707107;0.000000;,
0.707107;0.707107;0.000000;,
0.707107;0.707107;0.000000;,
0.000000;0.000000;1.000000;,
0.000000;0.000000;1.000000;,
0.000000;0.000000;1.000000;,
0.000000;0.000000;1.000000;,
0.000000;0.707107;0.707107;,
0.000000;0.707107;0.707107;,
0.000000;0.707107;0.707107;,
-1.000000;0.000000;0.000000;,
-1.000000;0.000000;0.000000;,
-1.000000;0.000000;0.000000;,
-1.000000;0.000000;0.000000;,
-0.707107;0.707107;0.000000;,
-0.707107;0.707107;0.000000;,
-0.707107;0.707107;0.000000;;

14; // 14 faces 
3;0,1,2;,
3;1,0,3;,
3;4,5,6;,
3;5,4,7;,
3;8,9,10;,
3;11,12,13;,
3;12,11,14;,
3;15,16,17;,
3;18,19,20;,
3;19,18,21;,
3;22,23,24;,
3;25,26,27;,
3;26,25,28;,
3;29,30,31;;
}
MeshMaterialList {
 1; // Number of unique materials
 14; // Number of faces
0,0,0,0,0,0,0,0,0,0,0,0,0,0;;
Material {
0.588235;0.588235;0.588235;1.000000;;
0.0;
0.900000;0.900000;0.900000;;
1.000000;0.000000;0.000000;;
TextureFilename {"Texture/blocks/wool_colored_silver.png";}
}
}// materials
MeshTextureCoords {
32; // 32 UV
1.000000;-0.000000;,
0.000000;-1.000000;,
1.000000;-1.000000;,
0.000000;-0.000000;,
0.000000;-0.000000;,
1.000000;-0.500000;,
1.000000;-0.000000;,
0.000000;-0.500000;,
0.000000;-0.500000;,
0.500000;-1.000000;,
1.000000;-0.500000;,
0.000000;-0.000000;,
1.000000;-0.500000;,
1.000000;-0.000000;,
0.000000;-0.500000;,
0.000000;-0.500000;,
0.500000;-1.000000;,
1.000000;-0.500000;,
0.000000;-0.000000;,
1.000000;-0.500000;,
1.000000;-0.000000;,
0.000000;-0.500000;,
0.000000;-0.500000;,
0.500000;-1.000000;,
1.000000;-0.500000;,
0.000000;-0.000000;,
1.000000;-0.500000;,
1.000000;-0.000000;,
0.000000;-0.500000;,
0.000000;-0.500000;,
0.500000;-1.000000;,
1.000000;-0.500000;;
}// UV
}// mesh
