xof 0303txt 0032
// Exported by ParaEngine X file exporter V0.2
ParaXHeader header{
112,97,114,97;
1,0,0,0;
1;
0;
-0.528311;-0.501693;-0.511934;;
0.498169;-0.184831;0.505707;;
3;
}
Mesh mesh_object{
194; // 194 vertices 
0.498081;-0.501693;0.499912;,
-0.528311;-0.501693;-0.000000;,
0.498169;-0.501693;0.000000;,
-0.292394;-0.501693;0.499912;,
-0.475725;-0.312133;-0.000000;,
0.464147;-0.312133;0.463998;,
0.464235;-0.312133;0.000000;,
-0.258460;-0.312133;0.463998;,
-0.528311;-0.501693;-0.000000;,
-0.258460;-0.312133;0.463998;,
-0.475725;-0.312133;-0.000000;,
-0.292394;-0.501693;0.499912;,
-0.292394;-0.501693;-0.499912;,
0.464147;-0.312133;-0.463998;,
0.498081;-0.501693;-0.499911;,
-0.258460;-0.312133;-0.463998;,
0.498169;-0.501693;0.000000;,
0.464147;-0.312133;-0.463998;,
0.464235;-0.312133;0.000000;,
0.498081;-0.501693;-0.499911;,
0.498081;-0.501693;0.499912;,
-0.258460;-0.312133;0.463998;,
-0.292394;-0.501693;0.499912;,
0.464147;-0.312133;0.463998;,
0.498081;-0.501693;-0.499911;,
-0.292394;-0.501693;-0.499912;,
-0.258460;-0.312133;-0.463998;,
0.464147;-0.312133;-0.463998;,
-0.258460;-0.312133;-0.463998;,
-0.292394;-0.501693;-0.499912;,
0.464147;-0.312133;0.463998;,
0.498081;-0.501693;0.499912;,
-0.008795;-0.184831;0.095907;,
-0.004989;-0.298250;-0.099714;,
-0.008795;-0.184831;-0.095907;,
-0.004989;-0.298250;0.099714;,
-0.200610;-0.184831;0.095907;,
-0.204416;-0.298250;0.099714;,
-0.008795;-0.184831;0.095907;,
-0.204416;-0.298250;0.099714;,
-0.200609;-0.184831;-0.095907;,
-0.204416;-0.298250;-0.099714;,
-0.200610;-0.184831;0.095907;,
-0.204416;-0.298250;-0.099714;,
-0.008795;-0.184831;-0.095907;,
-0.004989;-0.298250;-0.099714;,
-0.200609;-0.184831;-0.095907;,
-0.008795;-0.184831;-0.095907;,
-0.200610;-0.184831;0.095907;,
-0.008795;-0.184831;0.095907;,
-0.200609;-0.184831;-0.095907;,
-0.004989;-0.298250;0.099714;,
0.393730;-0.259704;-0.287053;,
0.257444;-0.259854;0.289773;,
0.393729;-0.259704;0.289773;,
0.257444;-0.259854;-0.287053;,
0.393754;-0.388113;-0.284510;,
0.393729;-0.259704;0.289773;,
0.393754;-0.388113;0.287230;,
0.393730;-0.259704;-0.287053;,
0.393754;-0.388113;0.287230;,
0.257444;-0.259854;0.289773;,
0.257591;-0.388257;0.287230;,
0.393729;-0.259704;0.289773;,
0.257591;-0.388257;0.287230;,
0.257444;-0.259854;-0.287053;,
0.257591;-0.388257;-0.284509;,
0.257444;-0.259854;0.289773;,
0.257591;-0.388257;-0.284509;,
0.393730;-0.259704;-0.287053;,
0.393754;-0.388113;-0.284510;,
0.257444;-0.259854;-0.287053;,
-0.131292;-0.495363;-0.511934;,
0.130259;-0.356468;-0.511763;,
0.130259;-0.495362;-0.511934;,
-0.131292;-0.356468;-0.511763;,
-0.130139;-0.495388;-0.365006;,
0.130259;-0.495362;-0.511934;,
0.129106;-0.495387;-0.365006;,
-0.131292;-0.495363;-0.511934;,
0.129106;-0.495387;-0.365006;,
0.130259;-0.356468;-0.511763;,
0.129106;-0.356618;-0.364841;,
0.130259;-0.495362;-0.511934;,
-0.130139;-0.360143;0.358614;,
0.130259;-0.359993;0.505536;,
0.129106;-0.360143;0.358614;,
-0.131292;-0.359993;0.505536;,
0.129106;-0.360143;0.358614;,
0.130259;-0.498888;0.505707;,
0.129106;-0.498913;0.358779;,
0.130259;-0.359993;0.505536;,
0.032279;-0.315386;-0.136981;,
-0.241683;-0.315386;0.136981;,
-0.241683;-0.315386;-0.136981;,
0.032279;-0.315386;0.136981;,
0.024005;-0.283198;-0.128707;,
-0.233409;-0.283198;0.128707;,
0.024005;-0.283198;0.128707;,
-0.131292;-0.356468;-0.511763;,
0.129106;-0.356618;-0.364841;,
0.130259;-0.356468;-0.511763;,
0.032279;-0.315386;-0.136981;,
0.024005;-0.283198;0.128707;,
0.032279;-0.315386;0.136981;,
0.024005;-0.283198;-0.128707;,
0.032279;-0.315386;0.136981;,
-0.233409;-0.283198;0.128707;,
-0.241683;-0.315386;0.136981;,
0.024005;-0.283198;0.128707;,
-0.241683;-0.315386;0.136981;,
-0.233409;-0.283198;-0.128707;,
-0.241683;-0.315386;-0.136981;,
-0.233409;-0.283198;0.128707;,
-0.241683;-0.315386;-0.136981;,
0.024005;-0.283198;-0.128707;,
0.032279;-0.315386;-0.136981;,
-0.233409;-0.283198;-0.128707;,
-0.130139;-0.356618;-0.364841;,
-0.130139;-0.356618;-0.364841;,
-0.131292;-0.495363;-0.511934;,
-0.130139;-0.495388;-0.365006;,
-0.131292;-0.356468;-0.511763;,
0.130259;-0.498888;0.505707;,
-0.131292;-0.359993;0.505536;,
-0.131292;-0.498887;0.505707;,
0.130259;-0.359993;0.505536;,
0.129106;-0.498913;0.358779;,
-0.131292;-0.498887;0.505707;,
-0.130139;-0.498912;0.358779;,
0.130259;-0.498888;0.505707;,
-0.130139;-0.498912;0.358779;,
-0.131292;-0.359993;0.505536;,
-0.130139;-0.360143;0.358614;,
-0.131292;-0.498887;0.505707;,
-0.233409;-0.283198;-0.128707;,
-0.163480;-0.198821;-0.115523;,
-0.163480;-0.198821;0.177173;,
-0.017911;-0.198821;0.030825;,
-0.163643;-0.198821;0.098064;,
-0.163643;-0.198821;-0.036415;,
-0.295865;-0.198821;-0.036415;,
-0.295865;-0.198821;0.098064;,
-0.295865;-0.332909;0.098064;,
-0.295865;-0.198821;-0.036415;,
-0.295865;-0.332909;-0.036415;,
-0.295865;-0.198821;0.098064;,
-0.163643;-0.332909;-0.036415;,
-0.295865;-0.198821;-0.036415;,
-0.163643;-0.198821;-0.036415;,
-0.295865;-0.332909;-0.036415;,
-0.163643;-0.332909;0.098064;,
-0.163480;-0.198821;0.177173;,
-0.163643;-0.198821;0.098064;,
-0.163480;-0.332909;0.177173;,
-0.163480;-0.332909;-0.115523;,
-0.163480;-0.198821;-0.115523;,
-0.295865;-0.332909;0.098064;,
-0.295865;-0.198821;0.098064;,
-0.163480;-0.332909;0.177173;,
-0.017911;-0.198821;0.030825;,
-0.163480;-0.198821;0.177173;,
-0.017911;-0.198821;0.030825;,
-0.163480;-0.332909;0.177173;,
-0.017911;-0.332909;0.030825;,
-0.163480;-0.198821;-0.115523;,
-0.017911;-0.332909;0.030825;,
-0.163480;-0.332909;-0.115523;,
-0.017911;-0.332909;0.030825;,
-0.163480;-0.198821;-0.115523;,
-0.017911;-0.198821;0.030825;,
-0.163480;-0.332909;0.177173;,
-0.163480;-0.332909;-0.115523;,
-0.017911;-0.332909;0.030825;,
-0.163643;-0.332909;0.098064;,
-0.163643;-0.332909;-0.036415;,
-0.295865;-0.332909;-0.036415;,
-0.295865;-0.332909;0.098064;,
-0.233213;-0.471986;0.078048;,
-0.233213;-0.297453;-0.016398;,
-0.233213;-0.471986;-0.016398;,
-0.233213;-0.297453;0.078048;,
-0.233213;-0.471986;-0.016398;,
-0.112561;-0.297453;-0.016398;,
-0.112561;-0.471986;-0.016398;,
-0.233213;-0.297453;-0.016398;,
-0.112561;-0.471986;-0.016398;,
-0.112561;-0.297453;0.078048;,
-0.112561;-0.471986;0.078048;,
-0.112561;-0.297453;-0.016398;,
-0.112561;-0.471986;0.078048;,
-0.233213;-0.297453;0.078048;,
-0.233213;-0.471986;0.078048;,
-0.112561;-0.297453;0.078048;;

104; // 104 faces 
3;0,1,2;,
3;1,0,3;,
3;4,5,6;,
3;5,4,7;,
3;8,9,10;,
3;9,8,11;,
3;12,13,14;,
3;13,12,15;,
3;16,17,18;,
3;17,16,19;,
3;20,21,22;,
3;21,20,23;,
3;24,1,25;,
3;1,24,2;,
3;26,6,27;,
3;6,26,4;,
3;8,28,29;,
3;28,8,10;,
3;16,30,31;,
3;30,16,18;,
3;32,33,34;,
3;35,36,37;,
3;36,35,38;,
3;39,40,41;,
3;40,39,42;,
3;43,44,45;,
3;44,43,46;,
3;47,48,49;,
3;48,47,50;,
3;33,32,51;,
3;52,53,54;,
3;53,52,55;,
3;56,57,58;,
3;57,56,59;,
3;60,61,62;,
3;61,60,63;,
3;64,65,66;,
3;65,64,67;,
3;68,69,70;,
3;69,68,71;,
3;72,73,74;,
3;73,72,75;,
3;76,77,78;,
3;77,76,79;,
3;80,81,82;,
3;81,80,83;,
3;84,85,86;,
3;85,84,87;,
3;88,89,90;,
3;89,88,91;,
3;92,93,94;,
3;93,92,95;,
3;96,97,98;,
3;99,100,101;,
3;102,103,104;,
3;103,102,105;,
3;106,107,108;,
3;107,106,109;,
3;110,111,112;,
3;111,110,113;,
3;114,115,116;,
3;115,114,117;,
3;100,99,118;,
3;119,120,121;,
3;120,119,122;,
3;123,124,125;,
3;124,123,126;,
3;127,128,129;,
3;128,127,130;,
3;131,132,133;,
3;132,131,134;,
3;97,96,135;,
3;136,137,138;,
3;136,139,137;,
3;140,139,136;,
3;141,139,140;,
3;142,139,141;,
3;143,144,145;,
3;144,143,146;,
3;147,148,149;,
3;148,147,150;,
3;151,152,153;,
3;152,151,154;,
3;155,149,156;,
3;149,155,147;,
3;157,153,158;,
3;153,157,151;,
3;159,160,161;,
3;162,163,164;,
3;165,166,167;,
3;168,169,170;,
3;171,172,173;,
3;174,172,171;,
3;174,175,172;,
3;174,176,175;,
3;177,176,174;,
3;178,179,180;,
3;179,178,181;,
3;182,183,184;,
3;183,182,185;,
3;186,187,188;,
3;187,186,189;,
3;190,191,192;,
3;191,190,193;;

MeshNormals {
194; // 194 normals 
0.000000;-1.000000;0.000000;,
0.000000;-1.000000;0.000000;,
0.000000;-1.000000;0.000000;,
0.000000;-1.000000;0.000000;,
0.000000;1.000000;0.000000;,
0.000000;1.000000;0.000000;,
0.000000;1.000000;0.000000;,
0.000000;1.000000;-0.000000;,
-0.999195;0.040124;-0.000000;,
-0.880523;0.035997;0.472634;,
-0.999152;0.041161;-0.000001;,
-0.879372;0.035052;0.474843;,
0.000000;0.024581;-0.999698;,
0.000000;0.024581;-0.999698;,
0.000000;0.024581;-0.999698;,
0.000000;0.024581;-0.999698;,
0.999647;0.026578;0.000000;,
0.999647;0.026575;-0.000213;,
0.999647;0.026574;0.000000;,
0.999647;0.026579;-0.000201;,
-0.000000;0.024581;0.999698;,
-0.000000;0.024581;0.999698;,
-0.000000;0.024580;0.999698;,
-0.000000;0.024581;0.999698;,
0.000000;-1.000000;0.000000;,
0.000000;-1.000000;0.000000;,
0.000000;1.000000;-0.000000;,
0.000000;1.000000;-0.000000;,
-0.880523;0.035997;-0.472635;,
-0.879372;0.035052;-0.474843;,
0.999647;0.026575;0.000214;,
0.999647;0.026579;0.000201;,
0.999988;0.004983;-0.000000;,
0.999988;0.004983;-0.000000;,
0.999988;0.004983;-0.000000;,
-0.000000;0.004355;0.999990;,
-0.000000;0.004355;0.999991;,
-0.000000;0.004355;0.999991;,
-0.000000;0.004355;0.999991;,
-0.999988;0.004983;-0.000001;,
-0.999988;0.004984;-0.000000;,
-0.999988;0.004983;-0.000001;,
-0.999988;0.004984;-0.000000;,
0.000000;0.004355;-0.999991;,
0.000000;0.004355;-0.999991;,
0.000000;0.004355;-0.999991;,
0.000000;0.004355;-0.999991;,
0.000000;1.000000;0.000000;,
0.000000;1.000000;0.000000;,
0.000000;1.000000;0.000000;,
0.000000;1.000000;0.000000;,
0.999988;0.004983;-0.000000;,
-0.007407;0.999973;-0.000000;,
-0.007407;0.999973;-0.000000;,
-0.007407;0.999973;-0.000000;,
-0.007407;0.999973;-0.000000;,
1.000000;0.000028;0.000001;,
1.000000;0.000028;0.000001;,
1.000000;0.000028;0.000001;,
1.000000;0.000028;0.000001;,
0.000020;-0.002570;0.999997;,
0.000021;-0.002570;0.999997;,
0.000020;-0.002570;0.999997;,
0.000021;-0.002570;0.999997;,
-1.000000;-0.000170;-0.000000;,
-1.000000;-0.000170;-0.000000;,
-1.000000;-0.000170;-0.000000;,
-1.000000;-0.000170;-0.000001;,
0.000017;-0.002570;-0.999997;,
0.000017;-0.002570;-0.999997;,
0.000017;-0.002570;-0.999997;,
0.000017;-0.002570;-0.999997;,
-0.000000;0.000160;-1.000000;,
0.000000;0.000160;-1.000000;,
-0.000000;0.000160;-1.000000;,
0.000000;0.000160;-1.000000;,
0.000016;-0.999999;-0.001296;,
0.000015;-0.999999;-0.001297;,
0.000015;-0.999999;-0.001297;,
0.000016;-0.999999;-0.001295;,
0.999960;-0.000001;0.008981;,
0.999960;-0.000001;0.008981;,
0.999960;-0.000001;0.008981;,
0.999960;-0.000001;0.008981;,
0.000007;0.999969;-0.007846;,
0.000007;0.999969;-0.007845;,
0.000007;0.999969;-0.007845;,
0.000008;0.999969;-0.007846;,
0.999960;-0.000001;-0.008981;,
0.999960;-0.000001;-0.008980;,
0.999960;-0.000001;-0.008980;,
0.999960;-0.000001;-0.008981;,
0.000000;-1.000000;0.000000;,
0.000000;-1.000000;0.000000;,
0.000000;-1.000000;0.000000;,
0.000000;-1.000000;0.000000;,
0.000000;1.000000;-0.000001;,
0.000000;1.000000;-0.000001;,
0.000000;1.000000;-0.000001;,
-0.000004;0.999969;0.007852;,
-0.000004;0.999969;0.007853;,
-0.000004;0.999969;0.007853;,
0.999272;0.038146;-0.000000;,
0.999272;0.038146;-0.000000;,
0.999272;0.038146;-0.000000;,
0.999272;0.038146;-0.000000;,
-0.000000;0.033344;0.999444;,
-0.000000;0.033344;0.999444;,
-0.000000;0.033344;0.999444;,
-0.000000;0.033344;0.999444;,
-0.999272;0.038146;0.000000;,
-0.999272;0.038146;0.000000;,
-0.999272;0.038146;0.000000;,
-0.999272;0.038146;0.000000;,
0.000000;0.033344;-0.999444;,
0.000000;0.033344;-0.999444;,
0.000000;0.033343;-0.999444;,
0.000000;0.033344;-0.999444;,
-0.000004;0.999969;0.007852;,
-0.999960;-0.000001;0.008981;,
-0.999960;-0.000001;0.008980;,
-0.999960;-0.000001;0.008979;,
-0.999960;-0.000001;0.008981;,
-0.000000;0.000160;1.000000;,
-0.000000;0.000160;1.000000;,
-0.000000;0.000160;1.000000;,
-0.000001;0.000160;1.000000;,
-0.000020;-0.999999;0.001301;,
-0.000020;-0.999999;0.001301;,
-0.000019;-0.999999;0.001302;,
-0.000020;-0.999999;0.001301;,
-0.999960;-0.000001;-0.008981;,
-0.999960;-0.000002;-0.008980;,
-0.999960;-0.000002;-0.008980;,
-0.999960;-0.000001;-0.008981;,
0.000000;1.000000;-0.000001;,
0.000000;1.000000;0.000000;,
0.000000;1.000000;0.000000;,
0.000000;1.000000;0.000000;,
-0.000000;1.000000;-0.000000;,
-0.000000;1.000000;-0.000000;,
-0.000000;1.000000;-0.000000;,
-0.000000;1.000000;-0.000000;,
-1.000000;0.000001;-0.000000;,
-1.000000;0.000001;-0.000000;,
-1.000000;0.000001;-0.000000;,
-1.000000;0.000001;-0.000000;,
-0.705687;0.000000;-0.708524;,
-0.000000;0.000000;-1.000000;,
-0.705687;0.000000;-0.708524;,
-0.000000;0.000000;-1.000000;,
-0.705687;-0.000000;0.708524;,
-0.999992;-0.000000;0.004012;,
-0.705687;-0.000000;0.708524;,
-0.999992;-0.000000;0.004012;,
-0.999992;-0.000000;-0.004012;,
-0.999992;-0.000000;-0.004012;,
-0.000000;-0.000000;1.000000;,
-0.000000;-0.000000;1.000000;,
0.459063;0.000000;0.888404;,
0.459063;0.000000;0.888404;,
0.459063;0.000000;0.888404;,
0.459063;0.000001;0.888404;,
0.459063;0.000001;0.888404;,
0.459063;0.000001;0.888404;,
0.459063;0.000000;-0.888404;,
0.459063;0.000000;-0.888404;,
0.459063;0.000000;-0.888404;,
0.459063;0.000001;-0.888404;,
0.459063;0.000001;-0.888404;,
0.459063;0.000001;-0.888404;,
0.000000;-1.000000;0.000000;,
0.000000;-1.000000;0.000000;,
0.000000;-1.000000;0.000000;,
0.000000;-1.000000;0.000000;,
0.000000;-1.000000;0.000000;,
0.000000;-1.000000;0.000000;,
0.000000;-1.000000;0.000000;,
-1.000000;-0.000000;-0.000000;,
-1.000000;-0.000000;-0.000000;,
-1.000000;-0.000000;-0.000000;,
-1.000000;0.000000;-0.000000;,
0.000000;0.000000;-1.000000;,
0.000000;0.000000;-1.000000;,
0.000000;0.000000;-1.000000;,
0.000000;0.000000;-1.000000;,
1.000000;0.000000;0.000000;,
1.000000;0.000000;0.000000;,
1.000000;0.000000;0.000000;,
1.000000;0.000000;0.000000;,
-0.000000;0.000000;1.000000;,
-0.000000;0.000000;1.000000;,
-0.000000;0.000000;1.000000;,
-0.000000;0.000000;1.000000;;

104; // 104 faces 
3;0,1,2;,
3;1,0,3;,
3;4,5,6;,
3;5,4,7;,
3;8,9,10;,
3;9,8,11;,
3;12,13,14;,
3;13,12,15;,
3;16,17,18;,
3;17,16,19;,
3;20,21,22;,
3;21,20,23;,
3;24,1,25;,
3;1,24,2;,
3;26,6,27;,
3;6,26,4;,
3;8,28,29;,
3;28,8,10;,
3;16,30,31;,
3;30,16,18;,
3;32,33,34;,
3;35,36,37;,
3;36,35,38;,
3;39,40,41;,
3;40,39,42;,
3;43,44,45;,
3;44,43,46;,
3;47,48,49;,
3;48,47,50;,
3;33,32,51;,
3;52,53,54;,
3;53,52,55;,
3;56,57,58;,
3;57,56,59;,
3;60,61,62;,
3;61,60,63;,
3;64,65,66;,
3;65,64,67;,
3;68,69,70;,
3;69,68,71;,
3;72,73,74;,
3;73,72,75;,
3;76,77,78;,
3;77,76,79;,
3;80,81,82;,
3;81,80,83;,
3;84,85,86;,
3;85,84,87;,
3;88,89,90;,
3;89,88,91;,
3;92,93,94;,
3;93,92,95;,
3;96,97,98;,
3;99,100,101;,
3;102,103,104;,
3;103,102,105;,
3;106,107,108;,
3;107,106,109;,
3;110,111,112;,
3;111,110,113;,
3;114,115,116;,
3;115,114,117;,
3;100,99,118;,
3;119,120,121;,
3;120,119,122;,
3;123,124,125;,
3;124,123,126;,
3;127,128,129;,
3;128,127,130;,
3;131,132,133;,
3;132,131,134;,
3;97,96,135;,
3;136,137,138;,
3;136,139,137;,
3;140,139,136;,
3;141,139,140;,
3;142,139,141;,
3;143,144,145;,
3;144,143,146;,
3;147,148,149;,
3;148,147,150;,
3;151,152,153;,
3;152,151,154;,
3;155,149,156;,
3;149,155,147;,
3;157,153,158;,
3;153,157,151;,
3;159,160,161;,
3;162,163,164;,
3;165,166,167;,
3;168,169,170;,
3;171,172,173;,
3;174,172,171;,
3;174,175,172;,
3;174,176,175;,
3;177,176,174;,
3;178,179,180;,
3;179,178,181;,
3;182,183,184;,
3;183,182,185;,
3;186,187,188;,
3;187,186,189;,
3;190,191,192;,
3;191,190,193;;
}
MeshMaterialList {
 4; // Number of unique materials
 104; // Number of faces
0,0,0,0,0,0,0,0,0,0,0,0,0,0,0,0,0,0,0,0,1,1,1,1,1,1,1,1,1,1,2,2,2,2,2,2,2,2,2,2,2,2,2,2,2,2,2,2,2,2,2,2,2,2,2,2,2,2,2,2,2,2,2,2,2,2,2,2,2,2,2,2,3,3,3,3,3,3,3,3,3,3,3,3,3,3,3,3,3,3,3,3,3,3,3,3,3,3,3,3,3,3,3,3;;
Material {
0.588000;0.588000;0.588000;1.000000;;
0.0;
0.900000;0.900000;0.900000;;
1.000000;0.000000;0.000000;;
TextureFilename {"Texture/blocks/Redstone_Compared_off.png";}
}
Material {
0.588000;0.588000;0.588000;1.000000;;
0.0;
0.900000;0.900000;0.900000;;
1.000000;0.000000;0.000000;;
TextureFilename {"Texture/blocks/command_block.png";}
}
Material {
0.588000;0.588000;0.588000;1.000000;;
0.0;
0.900000;0.900000;0.900000;;
1.000000;0.000000;0.000000;;
TextureFilename {"Texture/blocks/Redstone_Button_on.png";}
}
Material {
0.588000;0.588000;0.588000;1.000000;;
0.0;
0.900000;0.900000;0.900000;;
1.000000;0.000000;0.000000;;
TextureFilename {"Texture/blocks/Redstone_Button_off.png";}
}
}// materials
MeshTextureCoords {
194; // 194 UV
0.999500;-0.000842;,
0.500000;-1.053704;,
0.500000;-0.000843;,
0.999500;-0.805112;,
0.500000;-1.024552;,
0.972797;-0.027546;,
0.500000;-0.027546;,
0.972797;-0.778409;,
0.500000;-1.053704;,
0.972797;-0.778409;,
0.500000;-1.024552;,
0.999500;-0.805112;,
0.000500;-0.805113;,
0.027203;-0.027546;,
0.000499;-0.000843;,
0.027203;-0.778409;,
0.500000;-0.000843;,
0.027203;-0.027546;,
0.500000;-0.027546;,
0.000499;-0.000843;,
0.999500;-0.000842;,
0.972797;-0.778409;,
0.999500;-0.805112;,
0.972797;-0.027546;,
0.000499;-0.000843;,
0.000500;-0.805113;,
0.027203;-0.778409;,
0.027203;-0.027546;,
0.027203;-0.778409;,
0.000500;-0.805113;,
0.972797;-0.027546;,
0.999500;-0.000842;,
0.790959;-0.209041;,
0.077307;-0.077307;,
0.209041;-0.209041;,
0.922693;-0.077307;,
0.790959;-0.790959;,
0.922693;-0.922693;,
0.790959;-0.209041;,
0.922693;-0.922693;,
0.209041;-0.790959;,
0.077307;-0.922693;,
0.790959;-0.790959;,
0.077307;-0.922693;,
0.209041;-0.209041;,
0.077307;-0.077307;,
0.209041;-0.790959;,
0.209041;-0.209041;,
0.790959;-0.790959;,
0.790959;-0.209041;,
0.209041;-0.790959;,
0.922693;-0.077307;,
0.207215;-0.207215;,
0.792785;-0.792785;,
0.792785;-0.207215;,
0.207215;-0.792785;,
0.071396;-0.071397;,
0.792785;-0.207215;,
0.928603;-0.071396;,
0.207215;-0.207215;,
0.928603;-0.071396;,
0.792785;-0.792785;,
0.928604;-0.928603;,
0.792785;-0.207215;,
0.928604;-0.928603;,
0.207215;-0.792785;,
0.071397;-0.928604;,
0.792785;-0.792785;,
0.071397;-0.928604;,
0.207215;-0.207215;,
0.071396;-0.071397;,
0.207215;-0.792785;,
0.207215;-0.207215;,
0.792785;-0.792785;,
0.792785;-0.207215;,
0.207215;-0.792785;,
0.071396;-0.071397;,
0.792785;-0.207215;,
0.928603;-0.071396;,
0.207215;-0.207215;,
0.928603;-0.071396;,
0.792785;-0.792785;,
0.928604;-0.928603;,
0.792785;-0.207215;,
0.928604;-0.928603;,
0.207215;-0.792785;,
0.071397;-0.928604;,
0.792785;-0.792785;,
0.071397;-0.928604;,
0.207215;-0.207215;,
0.071396;-0.071397;,
0.207215;-0.792785;,
0.101787;-0.101788;,
0.898213;-0.898212;,
0.101788;-0.898213;,
0.898212;-0.101787;,
0.202454;-0.202455;,
0.797546;-0.797545;,
0.797546;-0.202454;,
0.207215;-0.792785;,
0.928604;-0.928603;,
0.792785;-0.792785;,
0.101787;-0.101788;,
0.797546;-0.202454;,
0.898212;-0.101787;,
0.202454;-0.202455;,
0.898212;-0.101787;,
0.797546;-0.797545;,
0.898213;-0.898212;,
0.797546;-0.202454;,
0.898213;-0.898212;,
0.202455;-0.797546;,
0.101788;-0.898213;,
0.797546;-0.797545;,
0.101788;-0.898213;,
0.202454;-0.202455;,
0.101787;-0.101788;,
0.202455;-0.797546;,
0.071397;-0.928604;,
0.071397;-0.928604;,
0.207215;-0.207215;,
0.071396;-0.071397;,
0.207215;-0.792785;,
0.207215;-0.207215;,
0.792785;-0.792785;,
0.792785;-0.207215;,
0.207215;-0.792785;,
0.071396;-0.071397;,
0.792785;-0.207215;,
0.928603;-0.071396;,
0.207215;-0.207215;,
0.928603;-0.071396;,
0.792785;-0.792785;,
0.928604;-0.928603;,
0.792785;-0.207215;,
0.202455;-0.797546;,
1.000000;-1.000000;,
0.000000;-1.000000;,
0.500000;-1.000000;,
0.000000;-0.500000;,
1.000000;-0.500000;,
1.000000;-0.000000;,
0.000000;-0.000000;,
0.000000;-0.000000;,
1.000000;-1.000000;,
1.000000;-0.000000;,
0.000000;-1.000000;,
0.500000;-0.000000;,
0.000000;-1.000000;,
0.500000;-1.000000;,
0.000000;-0.000000;,
0.500000;-0.000000;,
0.000000;-1.000000;,
0.500000;-1.000000;,
0.000000;-0.000000;,
1.000000;-0.000000;,
1.000000;-1.000000;,
1.000000;-0.000000;,
1.000000;-1.000000;,
0.000000;-0.000000;,
0.500000;-1.000000;,
0.000000;-1.000000;,
0.500000;-1.000000;,
0.000000;-0.000000;,
0.500000;-0.000000;,
1.000000;-1.000000;,
0.500000;-0.000000;,
1.000000;-0.000000;,
0.500000;-0.000000;,
1.000000;-1.000000;,
0.500000;-1.000000;,
0.000000;-1.000000;,
1.000000;-1.000000;,
0.500000;-1.000000;,
0.000000;-0.500000;,
1.000000;-0.500000;,
1.000000;-0.000000;,
0.000000;-0.000000;,
0.000000;-0.000000;,
1.000000;-1.000000;,
1.000000;-0.000000;,
0.000000;-1.000000;,
0.000000;-0.000000;,
1.000000;-1.000000;,
1.000000;-0.000000;,
0.000000;-1.000000;,
0.000000;-0.000000;,
1.000000;-1.000000;,
1.000000;-0.000000;,
0.000000;-1.000000;,
0.000000;-0.000000;,
1.000000;-1.000000;,
1.000000;-0.000000;,
0.000000;-1.000000;;
}// UV
}// mesh
