xof 0303txt 0032
// Exported by ParaEngine X file exporter V0.2
ParaXHeader header{
112,97,114,97;
1,0,0,0;
1;
0;
-0.500000;-0.501153;-0.536553;;
0.500000;0.592027;0.548851;;
3;
}
Mesh mesh_object{
313; // 313 vertices 
0.142444;0.311812;-0.362511;,
-0.044150;0.311812;-0.275810;,
0.116951;0.280743;-0.342885;,
-0.090992;0.368305;-0.335985;,
-0.120581;0.311812;-0.483025;,
0.047072;0.285196;-0.458354;,
-0.034419;-0.121303;-0.237119;,
0.072185;-0.047638;-0.149411;,
-0.008706;-0.061492;-0.135005;,
0.062536;-0.093162;-0.250321;,
-0.114012;0.051488;-0.482963;,
0.070645;-0.086614;-0.400017;,
-0.070453;-0.114830;-0.396391;,
0.066802;0.069226;-0.466795;,
0.116107;0.134829;-0.330196;,
0.148026;0.110113;-0.372968;,
-0.041128;0.159467;-0.263753;,
0.147416;0.009474;-0.370230;,
0.140880;0.116001;-0.237104;,
0.148983;0.020177;-0.163202;,
0.151814;0.015541;-0.249639;,
0.155414;0.100067;-0.164297;,
-0.005242;0.163019;-0.202444;,
0.017560;0.146217;-0.126283;,
-0.315336;0.311812;-0.300178;,
-0.044150;0.311812;-0.275810;,
-0.090992;0.368305;-0.335985;,
-0.227125;0.280743;-0.296035;,
-0.120581;0.311812;-0.483025;,
-0.265053;0.285196;-0.415854;,
-0.034419;-0.121303;-0.237119;,
-0.089574;-0.047638;-0.120630;,
-0.131329;-0.093162;-0.223924;,
-0.008706;-0.061492;-0.135005;,
-0.114012;0.051488;-0.482963;,
-0.211687;-0.086614;-0.361574;,
-0.274914;0.069226;-0.420266;,
-0.070453;-0.114830;-0.396391;,
-0.220168;0.134829;-0.284408;,
-0.305101;0.110113;-0.311269;,
-0.041128;0.159467;-0.263753;,
-0.268857;0.009474;-0.313549;,
-0.198023;0.116001;-0.190957;,
-0.166477;0.020177;-0.107074;,
-0.172850;0.100067;-0.105891;,
-0.214324;0.015541;-0.199785;,
-0.005242;0.163019;-0.202444;,
0.017560;0.146217;-0.126283;,
0.108152;-0.215523;0.337128;,
0.320943;-0.501153;0.149920;,
0.348351;-0.215523;0.166224;,
0.100594;-0.501152;0.306701;,
-0.333057;-0.215523;0.170126;,
-0.300587;-0.501153;0.167861;,
-0.314959;-0.215524;-0.228358;,
-0.287551;-0.501153;-0.212054;,
-0.074760;-0.215524;-0.399263;,
-0.067202;-0.501153;-0.368835;,
0.362765;-0.215524;-0.247095;,
0.330126;-0.501153;-0.245506;,
0.260678;0.490322;0.114071;,
0.000824;0.493576;-0.102533;,
0.083976;0.490322;0.239797;,
0.000824;0.493576;-0.102533;,
-0.232455;0.486715;0.149738;,
0.083976;0.490322;0.239797;,
-0.227287;0.461427;-0.176205;,
-0.050584;0.461427;-0.301931;,
0.262057;0.483935;-0.227129;,
-0.050584;0.461427;-0.301931;,
0.094756;0.279195;0.283200;,
0.267882;0.035083;0.098397;,
0.299774;0.279195;0.137327;,
0.081749;0.035083;0.230833;,
0.268506;0.035082;-0.264345;,
0.308118;0.279194;-0.231390;,
-0.059991;0.035082;-0.339805;,
-0.061444;0.296228;-0.352753;,
-0.061444;0.296228;-0.352753;,
-0.246124;0.035082;-0.207369;,
-0.266382;0.279194;-0.199461;,
-0.059991;0.035082;-0.339805;,
-0.250837;0.035082;0.138912;,
-0.278334;0.279194;0.154731;,
0.081749;0.035083;0.230833;,
0.094756;0.279195;0.283200;,
-0.404859;0.196897;0.305117;,
-0.145360;0.181355;0.216194;,
-0.329895;0.163702;0.227043;,
-0.178071;0.255260;0.301605;,
-0.235746;0.203722;0.481170;,
-0.373502;0.173314;0.423725;,
-0.131946;-0.269589;0.220456;,
-0.178155;-0.195924;0.081375;,
-0.096572;-0.209778;0.119919;,
-0.227395;-0.241448;0.202259;,
-0.241663;-0.096799;0.494053;,
-0.320760;-0.234900;0.297436;,
-0.190809;-0.263116;0.338043;,
-0.396232;-0.079061;0.423153;,
-0.321839;-0.013457;0.220020;,
-0.415926;-0.038174;0.312857;,
-0.141170;0.011181;0.208720;,
-0.373216;-0.138812;0.246559;,
-0.290798;-0.032285;0.165910;,
-0.255677;-0.128109;0.040260;,
-0.307910;-0.132745;0.173868;,
-0.262134;-0.048219;0.026565;,
-0.138462;0.014734;0.179956;,
-0.115364;-0.002069;0.079376;,
0.045811;0.163526;0.385542;,
-0.145360;0.181355;0.216194;,
-0.178071;0.255260;0.301605;,
0.008837;0.132457;0.295836;,
-0.235746;0.203722;0.481170;,
-0.066224;0.136911;0.480224;,
-0.015028;-0.195924;0.132048;,
-0.036541;-0.241448;0.238645;,
-0.096572;-0.209778;0.119919;,
-0.241663;-0.096799;0.494053;,
-0.042813;-0.234900;0.350427;,
-0.059823;-0.079061;0.487290;,
-0.190809;-0.263116;0.338043;,
0.009213;-0.013457;0.283135;,
0.030163;-0.038174;0.397904;,
-0.141170;0.011181;0.208720;,
0.036591;-0.138812;0.324689;,
0.042842;-0.032285;0.229518;,
0.062453;-0.128109;0.143688;,
0.068909;-0.048219;0.144598;,
0.052542;-0.132745;0.242589;,
-0.138462;0.014734;0.179956;,
-0.115364;-0.002069;0.079376;,
-0.182158;0.469367;0.174878;,
-0.049342;0.356592;0.142837;,
-0.120139;0.392445;0.227266;,
-0.098850;0.408327;0.110425;,
-0.132111;0.477637;0.150349;,
-0.060961;0.473856;0.096646;,
-0.020044;0.517709;0.178208;,
0.015513;0.497343;0.105813;,
0.041975;0.468749;0.230596;,
0.015513;0.497343;0.105813;,
-0.020044;0.517709;0.178208;,
0.074081;0.457434;0.149394;,
-0.008072;0.421431;0.255125;,
0.034164;0.374911;0.167749;,
-0.120139;0.392445;0.227266;,
-0.049342;0.356592;0.142837;,
-0.095553;0.473625;0.239279;,
-0.095553;0.473625;0.239279;,
-0.226646;0.125560;0.506970;,
-0.189445;0.223684;0.420742;,
-0.173221;0.304038;0.548318;,
-0.279428;0.188235;0.461590;,
-0.126086;0.154809;0.469469;,
-0.172968;0.304143;0.548851;,
-0.045352;0.038839;0.467063;,
0.024251;0.086690;0.369417;,
0.143730;0.081480;0.479738;,
-0.035305;0.128737;0.431506;,
0.015456;-0.016122;0.406179;,
0.144129;0.081182;0.480174;,
-0.025184;0.483235;0.151424;,
-0.000600;0.469769;0.224936;,
-0.007361;0.591593;0.200329;,
0.032230;0.472529;0.176544;,
-0.066531;0.481369;0.199049;,
-0.007566;0.592027;0.200200;,
-0.037781;0.478105;-0.193580;,
-0.002392;0.504733;-0.121073;,
-0.023605;0.550691;-0.177922;,
0.025526;0.483967;-0.171274;,
-0.074672;0.498872;-0.143642;,
-0.023872;0.551032;-0.178149;,
-0.378626;0.126323;0.256996;,
-0.240118;0.198329;0.271274;,
-0.382977;0.319725;0.241503;,
-0.298424;0.146877;0.212463;,
-0.327076;0.177364;0.324041;,
-0.383652;0.320097;0.241563;,
-0.412498;-0.028658;0.349099;,
-0.356655;0.116570;0.366140;,
-0.491845;0.106835;0.374419;,
-0.385995;0.049464;0.304266;,
-0.384584;0.032042;0.419296;,
-0.492541;0.106613;0.374608;,
-0.291275;-0.085425;0.168490;,
-0.152767;-0.013420;0.182768;,
-0.295626;0.107977;0.152997;,
-0.211073;-0.064871;0.085250;,
-0.239725;-0.034384;0.196827;,
-0.296301;0.108348;0.114350;,
-0.207641;-0.247943;0.237112;,
-0.261351;-0.225982;0.325070;,
-0.256637;-0.382990;0.295890;,
-0.286848;-0.228014;0.258364;,
-0.171302;-0.247880;0.304384;,
-0.256380;-0.383568;0.295767;,
-0.272033;-0.112786;-0.161273;,
-0.272259;-0.059206;-0.071801;,
-0.418715;-0.060209;-0.122757;,
-0.256106;-0.033989;-0.137515;,
-0.290535;-0.148791;-0.095294;,
-0.419256;-0.060452;-0.122960;,
-0.225966;0.388132;-0.125789;,
-0.230664;0.432170;-0.053282;,
-0.331286;0.467604;-0.110131;,
-0.198516;0.445478;-0.103483;,
-0.262719;0.367121;-0.075851;,
-0.331716;0.467550;-0.110358;,
-0.265152;0.257582;-0.001102;,
-0.227190;0.311161;0.083899;,
-0.387983;0.310159;0.069350;,
-0.239893;0.336378;0.017776;,
-0.254566;0.221577;0.065815;,
-0.388583;0.309915;0.069282;,
0.249654;0.272424;0.121674;,
0.264821;0.342016;0.041918;,
0.396657;0.332988;0.105822;,
0.235940;0.352967;0.105638;,
0.281238;0.251152;0.056809;,
0.397150;0.332720;0.106047;,
-0.169346;0.311186;-0.376817;,
-0.189792;0.335180;-0.371412;,
-0.209239;0.436847;-0.360718;,
-0.130567;0.332339;-0.336450;,
-0.236007;0.311335;-0.344284;,
-0.209446;0.437126;-0.361015;,
-0.037781;0.291650;-0.451412;,
-0.002392;0.318278;-0.378905;,
-0.023605;0.422826;-0.435754;,
0.025526;0.297512;-0.429106;,
-0.074672;0.312417;-0.401475;,
-0.023872;0.423167;-0.435981;,
0.088088;0.215870;-0.310100;,
0.124943;0.193704;-0.329506;,
0.245748;0.229087;-0.329716;,
0.093419;0.262598;-0.361806;,
0.120138;0.137993;-0.344057;,
0.246151;0.229033;-0.329353;,
-0.180656;0.191895;-0.443060;,
-0.281477;0.182416;-0.383431;,
-0.324516;0.211114;-0.493380;,
-0.221193;0.245268;-0.405124;,
-0.238682;0.119546;-0.424735;,
-0.324574;0.211023;-0.493843;,
-0.249381;0.083144;-0.344260;,
-0.213961;0.124471;-0.275592;,
-0.345219;0.115157;-0.279900;,
-0.231540;0.147486;-0.327760;,
-0.232857;0.051227;-0.291679;,
-0.345698;0.114929;-0.279935;,
0.010291;0.019930;-0.439112;,
-0.118982;0.023187;-0.446485;,
-0.049122;-0.049043;-0.536323;,
-0.046071;0.075863;-0.460502;,
-0.059282;-0.041847;-0.421622;,
-0.048766;-0.049471;-0.536553;,
0.218741;-0.294509;-0.211553;,
0.103595;-0.266013;-0.250151;,
0.212906;-0.304564;-0.329296;,
0.179846;-0.223323;-0.229119;,
0.143448;-0.347779;-0.231228;,
0.213342;-0.304920;-0.329519;,
0.146300;0.031355;-0.334574;,
0.112636;-0.008004;-0.422069;,
0.267110;-0.024665;-0.400422;,
0.135984;0.069260;-0.389670;,
0.122766;-0.054079;-0.361797;,
0.267640;-0.024870;-0.400208;,
0.273118;-0.034977;-0.045489;,
0.249789;0.017822;-0.130950;,
0.403767;0.011483;-0.104876;,
0.253928;0.042578;-0.065868;,
0.270768;-0.070336;-0.111161;,
0.404332;0.011225;-0.104765;,
0.127817;-0.324959;0.238815;,
0.210164;-0.246160;0.159038;,
0.295858;-0.249823;0.285256;,
0.127409;-0.228822;0.212537;,
0.214255;-0.354831;0.185749;,
0.296187;-0.250121;0.285723;,
0.120201;0.506575;0.052461;,
0.156973;0.460477;0.115286;,
0.179853;0.526276;0.113086;,
0.177149;0.473697;0.064154;,
0.092082;0.496464;0.104540;,
0.179754;0.526777;0.113072;,
-0.500000;-0.500000;-0.500000;,
0.500000;-0.500000;0.500000;,
-0.500000;-0.500000;0.500000;,
0.500000;-0.500000;-0.500000;,
-0.500000;0.500000;-0.500000;,
0.500000;0.500000;0.500000;,
0.500000;0.500000;-0.500000;,
-0.500000;0.500000;0.500000;,
-0.500000;-0.500000;-0.500000;,
0.500000;0.500000;-0.500000;,
0.500000;-0.500000;-0.500000;,
-0.500000;0.500000;-0.500000;,
0.500000;-0.500000;-0.500000;,
0.500000;0.500000;0.500000;,
0.500000;-0.500000;0.500000;,
0.500000;0.500000;-0.500000;,
0.500000;-0.500000;0.500000;,
-0.500000;0.500000;0.500000;,
-0.500000;-0.500000;0.500000;,
0.500000;0.500000;0.500000;,
-0.500000;-0.500000;0.500000;,
-0.500000;0.500000;-0.500000;,
-0.500000;-0.500000;-0.500000;,
-0.500000;0.500000;0.500000;;

262; // 262 faces 
3;0,1,2;,
3;1,0,3;,
3;4,0,5;,
3;0,4,3;,
3;6,7,8;,
3;7,6,9;,
3;10,11,12;,
3;11,10,13;,
3;10,5,13;,
3;5,10,4;,
3;0,14,15;,
3;14,0,2;,
3;1,14,2;,
3;14,1,16;,
3;15,5,0;,
3;5,15,13;,
3;9,12,11;,
3;12,9,6;,
3;14,17,15;,
3;18,19,20;,
3;19,18,21;,
3;13,17,11;,
3;17,13,15;,
3;19,9,20;,
3;9,19,7;,
3;20,11,17;,
3;11,20,9;,
3;17,18,20;,
3;18,17,14;,
3;16,18,14;,
3;18,16,22;,
3;22,21,18;,
3;21,22,23;,
3;24,25,26;,
3;25,24,27;,
3;28,24,26;,
3;24,28,29;,
3;30,31,32;,
3;31,30,33;,
3;34,35,36;,
3;35,34,37;,
3;34,29,28;,
3;29,34,36;,
3;24,38,27;,
3;38,24,39;,
3;25,38,40;,
3;38,25,27;,
3;39,29,36;,
3;29,39,24;,
3;32,37,30;,
3;37,32,35;,
3;38,39,41;,
3;42,43,44;,
3;43,42,45;,
3;36,41,39;,
3;41,36,35;,
3;43,32,31;,
3;32,43,45;,
3;45,35,32;,
3;35,45,41;,
3;41,42,38;,
3;42,41,45;,
3;40,42,46;,
3;42,40,38;,
3;46,44,47;,
3;44,46,42;,
3;48,49,50;,
3;49,48,51;,
3;51,52,53;,
3;52,51,48;,
3;54,53,52;,
3;53,54,55;,
3;56,55,54;,
3;55,56,57;,
3;57,58,59;,
3;58,57,56;,
3;50,59,58;,
3;59,50,49;,
3;60,61,62;,
3;63,64,65;,
3;64,63,66;,
3;66,63,67;,
3;61,68,69;,
3;68,61,60;,
3;70,71,72;,
3;71,70,73;,
3;72,74,75;,
3;74,72,71;,
3;76,75,74;,
3;75,76,77;,
3;78,79,80;,
3;79,78,81;,
3;80,82,83;,
3;82,80,79;,
3;84,83,82;,
3;83,84,85;,
3;62,72,60;,
3;72,62,70;,
3;60,75,68;,
3;75,60,72;,
3;77,68,75;,
3;68,77,69;,
3;67,80,66;,
3;80,67,78;,
3;66,83,64;,
3;83,66,80;,
3;85,64,83;,
3;64,85,65;,
3;73,50,71;,
3;50,73,48;,
3;71,58,74;,
3;58,71,50;,
3;56,74,58;,
3;74,56,76;,
3;81,54,79;,
3;54,81,56;,
3;79,52,82;,
3;52,79,54;,
3;48,82,52;,
3;82,48,84;,
3;86,87,88;,
3;87,86,89;,
3;90,86,91;,
3;86,90,89;,
3;92,93,94;,
3;93,92,95;,
3;96,97,98;,
3;97,96,99;,
3;96,91,99;,
3;91,96,90;,
3;86,100,101;,
3;100,86,88;,
3;87,100,88;,
3;100,87,102;,
3;101,91,86;,
3;91,101,99;,
3;95,98,97;,
3;98,95,92;,
3;100,103,101;,
3;104,105,106;,
3;105,104,107;,
3;99,103,97;,
3;103,99,101;,
3;105,95,106;,
3;95,105,93;,
3;106,97,103;,
3;97,106,95;,
3;103,104,106;,
3;104,103,100;,
3;102,104,100;,
3;104,102,108;,
3;108,107,104;,
3;107,108,109;,
3;110,111,112;,
3;111,110,113;,
3;114,110,112;,
3;110,114,115;,
3;92,116,117;,
3;116,92,118;,
3;119,120,121;,
3;120,119,122;,
3;119,115,114;,
3;115,119,121;,
3;110,123,113;,
3;123,110,124;,
3;111,123,125;,
3;123,111,113;,
3;124,115,121;,
3;115,124,110;,
3;117,122,92;,
3;122,117,120;,
3;123,124,126;,
3;127,128,129;,
3;128,127,130;,
3;121,126,124;,
3;126,121,120;,
3;128,117,116;,
3;117,128,130;,
3;130,120,117;,
3;120,130,126;,
3;126,127,123;,
3;127,126,130;,
3;125,127,131;,
3;127,125,123;,
3;131,129,132;,
3;129,131,127;,
3;133,134,135;,
3;134,133,136;,
3;137,136,133;,
3;136,137,138;,
3;139,138,137;,
3;138,139,140;,
3;141,142,143;,
3;142,141,144;,
3;145,144,141;,
3;144,145,146;,
3;147,146,145;,
3;146,147,148;,
3;135,149,133;,
3;133,149,137;,
3;137,149,139;,
3;143,150,141;,
3;141,150,145;,
3;145,150,147;,
3;151,152,153;,
3;154,155,156;,
3;157,158,159;,
3;160,161,162;,
3;163,164,165;,
3;166,167,168;,
3;169,170,171;,
3;172,173,174;,
3;175,176,177;,
3;178,179,180;,
3;181,182,183;,
3;184,185,186;,
3;187,188,189;,
3;190,191,192;,
3;193,194,195;,
3;196,197,198;,
3;199,200,201;,
3;202,203,204;,
3;205,206,207;,
3;208,209,210;,
3;211,212,213;,
3;214,215,216;,
3;217,218,219;,
3;220,221,222;,
3;223,224,225;,
3;226,227,228;,
3;229,230,231;,
3;232,233,234;,
3;235,236,237;,
3;238,239,240;,
3;241,242,243;,
3;244,245,246;,
3;247,248,249;,
3;250,251,252;,
3;253,254,255;,
3;256,257,258;,
3;259,260,261;,
3;262,263,264;,
3;265,266,267;,
3;268,269,270;,
3;271,272,273;,
3;274,275,276;,
3;277,278,279;,
3;280,281,282;,
3;283,284,285;,
3;286,287,288;,
3;289,290,291;,
3;290,289,292;,
3;293,294,295;,
3;294,293,296;,
3;297,298,299;,
3;298,297,300;,
3;301,302,303;,
3;302,301,304;,
3;305,306,307;,
3;306,305,308;,
3;309,310,311;,
3;310,309,312;;

MeshNormals {
313; // 313 normals 
0.810794;0.580337;0.076298;,
0.438734;0.533803;0.722887;,
0.574648;0.157576;0.803087;,
0.003566;0.990614;0.136640;,
-0.150253;0.572243;-0.806202;,
0.456461;0.484414;-0.746316;,
0.029974;-0.987154;0.156933;,
0.483852;-0.834589;0.263339;,
0.086778;-0.920623;0.380686;,
0.518536;-0.850904;0.084163;,
-0.179702;-0.285825;-0.941281;,
0.483143;-0.751203;-0.449741;,
-0.069588;-0.887846;-0.454849;,
0.498561;-0.154928;-0.852898;,
0.844972;0.329211;0.421477;,
0.997667;0.027249;-0.062597;,
0.101805;0.782099;0.614781;,
0.935129;-0.263780;-0.236544;,
0.765539;0.643386;-0.001912;,
0.925637;-0.377136;0.031056;,
0.959248;-0.282414;0.009265;,
0.840302;0.540493;-0.041963;,
0.057144;0.997217;0.047894;,
0.067408;0.987076;0.145386;,
-0.738344;0.516873;0.433232;,
-0.138839;0.391564;0.909616;,
0.003566;0.990614;0.136640;,
-0.103252;-0.008527;0.994619;,
-0.150253;0.572243;-0.806202;,
-0.703883;0.458079;-0.542874;,
0.029974;-0.987154;0.156933;,
-0.351166;-0.843756;0.405904;,
-0.455996;-0.853548;0.252038;,
0.086778;-0.920623;0.380686;,
-0.179702;-0.285825;-0.941281;,
-0.583815;-0.781216;-0.221047;,
-0.784482;-0.233462;-0.574528;,
-0.069588;-0.887846;-0.454849;,
-0.516653;0.301708;0.801275;,
-0.881655;-0.158598;0.444445;,
0.101805;0.782099;0.614781;,
-0.904866;-0.368004;0.213990;,
-0.703137;0.656690;0.272685;,
-0.861958;-0.377891;0.337975;,
-0.792816;0.554110;0.253781;,
-0.897258;-0.281787;0.339887;,
0.057144;0.997217;0.047894;,
0.067408;0.987076;0.145386;,
0.158670;0.158192;0.974576;,
0.914137;-0.117811;0.387909;,
0.897854;0.141448;0.416955;,
0.148843;-0.133404;0.979821;,
-0.858315;0.107445;0.501747;,
-0.838624;-0.098335;0.535762;,
-0.910380;0.079978;-0.405969;,
-0.912452;-0.117952;-0.391815;,
-0.180530;0.060095;-0.981732;,
-0.167582;-0.131347;-0.977069;,
0.868087;0.074896;-0.490729;,
0.824292;-0.095457;-0.558059;,
0.650848;0.710884;0.266535;,
-0.041774;0.997851;-0.050482;,
0.139491;0.704764;0.695593;,
-0.041774;0.997851;-0.050482;,
-0.614231;0.674340;0.409862;,
0.139491;0.704764;0.695593;,
-0.669211;0.683330;-0.291919;,
-0.194505;0.714021;-0.672563;,
0.588259;0.676364;-0.443263;,
-0.194505;0.714021;-0.672563;,
0.175259;-0.014620;0.984414;,
0.929330;0.117438;0.350078;,
0.908802;0.007036;0.417168;,
0.190321;0.156299;0.969200;,
0.753000;0.149695;-0.640767;,
0.862403;0.053083;-0.503431;,
-0.214949;0.153011;-0.964564;,
-0.197899;0.142464;-0.969814;,
-0.197899;0.142464;-0.969814;,
-0.907601;0.120763;-0.402091;,
-0.917094;0.096659;-0.386775;,
-0.214949;0.153011;-0.964564;,
-0.827666;0.141501;0.543090;,
-0.850077;0.017723;0.526360;,
0.190321;0.156299;0.969200;,
0.175259;-0.014620;0.984414;,
-0.773825;0.600296;-0.202087;,
0.239065;0.523881;-0.817555;,
-0.428415;0.463476;-0.775661;,
0.083928;0.977143;-0.195316;,
-0.149777;0.651515;0.743704;,
-0.712297;0.490748;0.501796;,
0.051862;-0.989792;-0.132751;,
-0.293095;-0.882114;-0.368742;,
0.151937;-0.919291;-0.363069;,
-0.419701;-0.866581;-0.269978;,
-0.228774;-0.406714;0.884447;,
-0.584029;-0.810873;0.037344;,
-0.096339;-0.942138;0.321085;,
-0.799343;-0.318756;0.509357;,
-0.663369;0.290632;-0.689546;,
-0.980087;-0.083143;-0.180326;,
0.159901;0.784298;-0.599424;,
-0.875687;-0.309746;-0.370446;,
-0.681769;0.650964;-0.333820;,
-0.896444;-0.363417;-0.253607;,
-0.860237;-0.297700;-0.413966;,
-0.843667;0.505278;-0.181437;,
-0.023565;0.999569;-0.017511;,
-0.019438;0.991939;-0.125215;,
0.838346;0.517194;0.172297;,
0.239065;0.523881;-0.817555;,
0.083928;0.977143;-0.195316;,
0.756301;0.389908;-0.525338;,
-0.149777;0.651515;0.743704;,
0.427052;0.386145;0.817630;,
0.489849;-0.843756;-0.219370;,
0.517265;-0.855401;-0.026944;,
0.151937;-0.919291;-0.363069;,
-0.228774;-0.406714;0.884447;,
0.469933;-0.807928;0.355549;,
0.446105;-0.326910;0.833139;,
-0.096339;-0.942138;0.321085;,
0.900184;0.372274;-0.226012;,
0.939789;-0.121142;0.319564;,
0.159901;0.784298;-0.599424;,
0.936442;-0.285263;0.204211;,
0.762358;0.642929;0.073841;,
0.924022;-0.377891;0.058145;,
0.805273;0.584248;0.100943;,
0.957008;-0.275390;0.091081;,
-0.023565;0.999569;-0.017511;,
-0.019438;0.991939;-0.125215;,
-0.946826;0.316941;-0.055400;,
-0.319045;-0.940827;0.114255;,
-0.544640;-0.638933;0.543261;,
-0.807932;-0.343263;-0.478975;,
-0.477385;0.770575;-0.422277;,
-0.437435;0.769536;-0.465258;,
0.087758;0.991487;0.096189;,
0.142916;0.980183;-0.137174;,
0.747820;0.292540;0.595974;,
0.142916;0.980183;-0.137174;,
0.087758;0.991487;0.096189;,
0.843463;0.476729;0.247587;,
0.296219;-0.312873;0.902422;,
0.540645;-0.709364;0.452223;,
-0.544640;-0.638933;0.543261;,
-0.319045;-0.940827;0.114255;,
-0.366034;0.553123;0.748381;,
-0.366034;0.553123;0.748381;,
0.952322;-0.300912;0.050345;,
0.952322;-0.300912;0.050345;,
0.952322;-0.300912;0.050345;,
-0.187264;-0.613201;0.767409;,
-0.187264;-0.613201;0.767409;,
-0.187264;-0.613201;0.767409;,
0.233600;-0.947333;-0.219071;,
0.233600;-0.947333;-0.219071;,
0.233600;-0.947333;-0.219071;,
-0.403579;-0.342981;0.848227;,
-0.403579;-0.342981;0.848227;,
-0.403579;-0.342981;0.848227;,
-0.970582;0.012148;0.240466;,
-0.970582;0.012148;0.240466;,
-0.970582;0.012148;0.240466;,
-0.278686;0.161884;-0.946640;,
-0.278686;0.161884;-0.946640;,
-0.278686;0.161884;-0.946640;,
-0.944806;0.092362;0.314343;,
-0.944806;0.092362;0.314343;,
-0.944806;0.092362;0.314343;,
-0.373420;-0.392174;-0.840689;,
-0.373419;-0.392174;-0.840689;,
-0.373420;-0.392174;-0.840689;,
-0.189858;0.102041;0.976495;,
-0.189858;0.102041;0.976495;,
-0.189858;0.102041;0.976495;,
-0.901576;-0.424175;-0.085069;,
-0.901576;-0.424175;-0.085069;,
-0.901576;-0.424175;-0.085069;,
0.095137;-0.192342;0.976705;,
0.095137;-0.192342;0.976705;,
0.095137;-0.192342;0.976705;,
-0.531676;-0.842252;-0.089060;,
-0.531676;-0.842252;-0.089060;,
-0.531676;-0.842252;-0.089060;,
-0.189857;0.102041;0.976495;,
-0.189857;0.102041;0.976495;,
-0.189857;0.102041;0.976495;,
-0.901576;-0.424175;-0.085069;,
-0.901576;-0.424175;-0.085069;,
-0.901576;-0.424174;-0.085069;,
0.903790;-0.079101;0.420602;,
0.903790;-0.079101;0.420602;,
0.903790;-0.079101;0.420602;,
0.439583;-0.200051;-0.875641;,
0.439583;-0.200051;-0.875641;,
0.439583;-0.200051;-0.875640;,
-0.181212;-0.900079;0.396257;,
-0.181212;-0.900079;0.396257;,
-0.181212;-0.900079;0.396257;,
-0.037935;-0.437650;-0.898345;,
-0.037935;-0.437651;-0.898345;,
-0.037935;-0.437650;-0.898345;,
-0.526652;-0.785178;0.325781;,
-0.526652;-0.785178;0.325781;,
-0.526652;-0.785178;0.325781;,
-0.007378;-0.427256;-0.904101;,
-0.007378;-0.427256;-0.904100;,
-0.007378;-0.427256;-0.904101;,
-0.047647;-0.900079;0.433113;,
-0.047647;-0.900079;0.433113;,
-0.047647;-0.900079;0.433113;,
-0.318048;-0.437650;-0.841016;,
-0.318048;-0.437650;-0.841016;,
-0.318048;-0.437650;-0.841016;,
0.268481;-0.827245;-0.493542;,
0.268481;-0.827245;-0.493542;,
0.268481;-0.827245;-0.493542;,
-0.074095;-0.567475;0.820050;,
-0.074095;-0.567475;0.820050;,
-0.074095;-0.567475;0.820050;,
-0.238738;0.092519;-0.966667;,
-0.238738;0.092519;-0.966667;,
-0.238738;0.092519;-0.966667;,
0.138574;-0.204423;-0.969025;,
0.138574;-0.204423;-0.969025;,
0.138574;-0.204423;-0.969025;,
-0.944165;0.049183;0.325781;,
-0.944165;0.049183;0.325781;,
-0.944165;0.049183;0.325781;,
-0.370516;-0.212885;-0.904101;,
-0.370516;-0.212885;-0.904101;,
-0.370516;-0.212885;-0.904101;,
0.181406;-0.613156;0.768851;,
0.181406;-0.613156;0.768851;,
0.181406;-0.613156;0.768851;,
-0.247990;0.132608;0.959644;,
-0.247990;0.132608;0.959644;,
-0.247990;0.132608;0.959644;,
-0.048195;-0.983391;-0.174982;,
-0.048195;-0.983391;-0.174982;,
-0.048195;-0.983391;-0.174982;,
0.753898;0.034222;-0.656100;,
0.753898;0.034222;-0.656100;,
0.753898;0.034222;-0.656100;,
0.047914;-0.919918;0.389173;,
0.047914;-0.919918;0.389173;,
0.047914;-0.919918;0.389173;,
-0.355424;-0.420406;-0.834825;,
-0.355424;-0.420406;-0.834825;,
-0.355424;-0.420406;-0.834825;,
-0.059438;-0.873686;0.482846;,
-0.059438;-0.873686;0.482846;,
-0.059438;-0.873686;0.482846;,
0.994291;-0.079794;0.070836;,
0.994291;-0.079794;0.070836;,
0.994291;-0.079794;0.070836;,
-0.269652;-0.960397;0.070181;,
-0.269652;-0.960397;0.070181;,
-0.269652;-0.960397;0.070181;,
0.886294;-0.267908;0.377767;,
0.886294;-0.267908;0.377767;,
0.886294;-0.267908;0.377767;,
-0.166383;-0.921100;0.351983;,
-0.166383;-0.921100;0.351983;,
-0.166383;-0.921100;0.351983;,
0.282172;0.253904;0.925155;,
0.282172;0.253904;0.925155;,
0.282172;0.253904;0.925155;,
0.060146;-0.904099;-0.423070;,
0.060146;-0.904099;-0.423070;,
0.060146;-0.904099;-0.423070;,
0.213744;-0.442822;0.870759;,
0.213744;-0.442822;0.870759;,
0.213744;-0.442822;0.870759;,
0.472736;-0.843752;-0.254173;,
0.472736;-0.843752;-0.254173;,
0.472736;-0.843752;-0.254173;,
-0.478784;-0.531800;0.698538;,
-0.478784;-0.531800;0.698538;,
-0.478784;-0.531800;0.698538;,
-0.804866;0.303048;0.510247;,
-0.804866;0.303048;0.510247;,
-0.804866;0.303048;0.510247;,
-0.186206;0.771357;-0.608553;,
-0.186206;0.771357;-0.608553;,
-0.186206;0.771357;-0.608553;,
0.000000;-1.000000;0.000000;,
0.000000;-1.000000;0.000000;,
0.000000;-1.000000;0.000000;,
0.000000;-1.000000;0.000000;,
0.000000;1.000000;0.000000;,
0.000000;1.000000;0.000000;,
0.000000;1.000000;0.000000;,
0.000000;1.000000;0.000000;,
0.000000;0.000000;-1.000000;,
0.000000;0.000000;-1.000000;,
0.000000;0.000000;-1.000000;,
0.000000;0.000000;-1.000000;,
1.000000;0.000000;0.000000;,
1.000000;0.000000;0.000000;,
1.000000;0.000000;0.000000;,
1.000000;0.000000;0.000000;,
0.000000;0.000000;1.000000;,
0.000000;0.000000;1.000000;,
0.000000;0.000000;1.000000;,
0.000000;0.000000;1.000000;,
-1.000000;0.000000;0.000000;,
-1.000000;0.000000;0.000000;,
-1.000000;0.000000;0.000000;,
-1.000000;0.000000;0.000000;;

262; // 262 faces 
3;0,1,2;,
3;1,0,3;,
3;4,0,5;,
3;0,4,3;,
3;6,7,8;,
3;7,6,9;,
3;10,11,12;,
3;11,10,13;,
3;10,5,13;,
3;5,10,4;,
3;0,14,15;,
3;14,0,2;,
3;1,14,2;,
3;14,1,16;,
3;15,5,0;,
3;5,15,13;,
3;9,12,11;,
3;12,9,6;,
3;14,17,15;,
3;18,19,20;,
3;19,18,21;,
3;13,17,11;,
3;17,13,15;,
3;19,9,20;,
3;9,19,7;,
3;20,11,17;,
3;11,20,9;,
3;17,18,20;,
3;18,17,14;,
3;16,18,14;,
3;18,16,22;,
3;22,21,18;,
3;21,22,23;,
3;24,25,26;,
3;25,24,27;,
3;28,24,26;,
3;24,28,29;,
3;30,31,32;,
3;31,30,33;,
3;34,35,36;,
3;35,34,37;,
3;34,29,28;,
3;29,34,36;,
3;24,38,27;,
3;38,24,39;,
3;25,38,40;,
3;38,25,27;,
3;39,29,36;,
3;29,39,24;,
3;32,37,30;,
3;37,32,35;,
3;38,39,41;,
3;42,43,44;,
3;43,42,45;,
3;36,41,39;,
3;41,36,35;,
3;43,32,31;,
3;32,43,45;,
3;45,35,32;,
3;35,45,41;,
3;41,42,38;,
3;42,41,45;,
3;40,42,46;,
3;42,40,38;,
3;46,44,47;,
3;44,46,42;,
3;48,49,50;,
3;49,48,51;,
3;51,52,53;,
3;52,51,48;,
3;54,53,52;,
3;53,54,55;,
3;56,55,54;,
3;55,56,57;,
3;57,58,59;,
3;58,57,56;,
3;50,59,58;,
3;59,50,49;,
3;60,61,62;,
3;63,64,65;,
3;64,63,66;,
3;66,63,67;,
3;61,68,69;,
3;68,61,60;,
3;70,71,72;,
3;71,70,73;,
3;72,74,75;,
3;74,72,71;,
3;76,75,74;,
3;75,76,77;,
3;78,79,80;,
3;79,78,81;,
3;80,82,83;,
3;82,80,79;,
3;84,83,82;,
3;83,84,85;,
3;62,72,60;,
3;72,62,70;,
3;60,75,68;,
3;75,60,72;,
3;77,68,75;,
3;68,77,69;,
3;67,80,66;,
3;80,67,78;,
3;66,83,64;,
3;83,66,80;,
3;85,64,83;,
3;64,85,65;,
3;73,50,71;,
3;50,73,48;,
3;71,58,74;,
3;58,71,50;,
3;56,74,58;,
3;74,56,76;,
3;81,54,79;,
3;54,81,56;,
3;79,52,82;,
3;52,79,54;,
3;48,82,52;,
3;82,48,84;,
3;86,87,88;,
3;87,86,89;,
3;90,86,91;,
3;86,90,89;,
3;92,93,94;,
3;93,92,95;,
3;96,97,98;,
3;97,96,99;,
3;96,91,99;,
3;91,96,90;,
3;86,100,101;,
3;100,86,88;,
3;87,100,88;,
3;100,87,102;,
3;101,91,86;,
3;91,101,99;,
3;95,98,97;,
3;98,95,92;,
3;100,103,101;,
3;104,105,106;,
3;105,104,107;,
3;99,103,97;,
3;103,99,101;,
3;105,95,106;,
3;95,105,93;,
3;106,97,103;,
3;97,106,95;,
3;103,104,106;,
3;104,103,100;,
3;102,104,100;,
3;104,102,108;,
3;108,107,104;,
3;107,108,109;,
3;110,111,112;,
3;111,110,113;,
3;114,110,112;,
3;110,114,115;,
3;92,116,117;,
3;116,92,118;,
3;119,120,121;,
3;120,119,122;,
3;119,115,114;,
3;115,119,121;,
3;110,123,113;,
3;123,110,124;,
3;111,123,125;,
3;123,111,113;,
3;124,115,121;,
3;115,124,110;,
3;117,122,92;,
3;122,117,120;,
3;123,124,126;,
3;127,128,129;,
3;128,127,130;,
3;121,126,124;,
3;126,121,120;,
3;128,117,116;,
3;117,128,130;,
3;130,120,117;,
3;120,130,126;,
3;126,127,123;,
3;127,126,130;,
3;125,127,131;,
3;127,125,123;,
3;131,129,132;,
3;129,131,127;,
3;133,134,135;,
3;134,133,136;,
3;137,136,133;,
3;136,137,138;,
3;139,138,137;,
3;138,139,140;,
3;141,142,143;,
3;142,141,144;,
3;145,144,141;,
3;144,145,146;,
3;147,146,145;,
3;146,147,148;,
3;135,149,133;,
3;133,149,137;,
3;137,149,139;,
3;143,150,141;,
3;141,150,145;,
3;145,150,147;,
3;151,152,153;,
3;154,155,156;,
3;157,158,159;,
3;160,161,162;,
3;163,164,165;,
3;166,167,168;,
3;169,170,171;,
3;172,173,174;,
3;175,176,177;,
3;178,179,180;,
3;181,182,183;,
3;184,185,186;,
3;187,188,189;,
3;190,191,192;,
3;193,194,195;,
3;196,197,198;,
3;199,200,201;,
3;202,203,204;,
3;205,206,207;,
3;208,209,210;,
3;211,212,213;,
3;214,215,216;,
3;217,218,219;,
3;220,221,222;,
3;223,224,225;,
3;226,227,228;,
3;229,230,231;,
3;232,233,234;,
3;235,236,237;,
3;238,239,240;,
3;241,242,243;,
3;244,245,246;,
3;247,248,249;,
3;250,251,252;,
3;253,254,255;,
3;256,257,258;,
3;259,260,261;,
3;262,263,264;,
3;265,266,267;,
3;268,269,270;,
3;271,272,273;,
3;274,275,276;,
3;277,278,279;,
3;280,281,282;,
3;283,284,285;,
3;286,287,288;,
3;289,290,291;,
3;290,289,292;,
3;293,294,295;,
3;294,293,296;,
3;297,298,299;,
3;298,297,300;,
3;301,302,303;,
3;302,301,304;,
3;305,306,307;,
3;306,305,308;,
3;309,310,311;,
3;310,309,312;;
}
MeshMaterialList {
 2; // Number of unique materials
 262; // Number of faces
0,0,0,0,0,0,0,0,0,0,0,0,0,0,0,0,0,0,0,0,0,0,0,0,0,0,0,0,0,0,0,0,0,0,0,0,0,0,0,0,0,0,0,0,0,0,0,0,0,0,0,0,0,0,0,0,0,0,0,0,0,0,0,0,0,0,0,0,0,0,0,0,0,0,0,0,0,0,0,0,0,0,0,0,0,0,0,0,0,0,0,0,0,0,0,0,0,0,0,0,0,0,0,0,0,0,0,0,0,0,0,0,0,0,0,0,0,0,0,0,0,0,0,0,0,0,0,0,0,0,0,0,0,0,0,0,0,0,0,0,0,0,0,0,0,0,0,0,0,0,0,0,0,0,0,0,0,0,0,0,0,0,0,0,0,0,0,0,0,0,0,0,0,0,0,0,0,0,0,0,0,0,0,0,0,0,0,0,0,0,0,0,0,0,0,0,0,0,0,0,0,0,0,0,0,0,0,0,0,0,0,0,0,0,0,0,0,0,0,0,0,0,0,0,0,0,0,0,0,0,0,0,0,0,0,0,0,0,0,0,0,0,0,0,0,0,0,0,0,0,1,1,1,1,1,1,1,1,1,1,1,1;;
Material {
0.588000;0.588000;0.588000;1.000000;;
131000.0;
0.900000;0.900000;0.900000;;
1.000000;0.000000;0.000000;;
TextureFilename {"model/04deco/v5/blockworld/05plants/01tree/Tree02.dds";}
}
Material {
1.000000;1.000000;1.000000;1.000000;;
0.0;
1.000000;1.000000;1.000000;;
0.000000;1.000000;1.000000;;
}
}// materials
MeshTextureCoords {
313; // 313 UV
0.725781;-0.557023;,
0.695185;-0.475281;,
0.728086;-0.517246;,
0.645074;-0.526996;,
0.633485;-0.651294;,
0.682682;-0.606767;,
0.940338;-0.648789;,
0.963004;-0.423372;,
0.994638;-0.443114;,
0.907702;-0.576766;,
0.724357;-0.699660;,
0.831957;-0.618048;,
0.832988;-0.698056;,
0.756622;-0.629568;,
0.796364;-0.517009;,
0.773920;-0.580896;,
0.788300;-0.450617;,
0.820896;-0.566494;,
0.851256;-0.467533;,
0.919460;-0.403985;,
0.879108;-0.517721;,
0.891333;-0.395690;,
0.834095;-0.432972;,
0.852565;-0.389322;,
0.723510;-0.558430;,
0.695580;-0.474406;,
0.645437;-0.526271;,
0.723658;-0.518055;,
0.633847;-0.650567;,
0.680488;-0.605249;,
0.940849;-0.647390;,
0.963597;-0.421832;,
0.907134;-0.577575;,
0.995657;-0.441882;,
0.724719;-0.698935;,
0.830920;-0.616264;,
0.754863;-0.629445;,
0.833374;-0.697223;,
0.793968;-0.519546;,
0.770854;-0.581098;,
0.788430;-0.455027;,
0.818945;-0.567041;,
0.848408;-0.471980;,
0.920042;-0.402494;,
0.891903;-0.394252;,
0.876507;-0.521450;,
0.834576;-0.431707;,
0.853107;-0.388015;,
0.033478;-0.294482;,
0.179554;-0.010610;,
0.176907;-0.278377;,
0.025621;-0.010610;,
0.176907;-0.272700;,
0.179554;-0.010610;,
0.388167;-0.264762;,
0.388923;-0.002907;,
0.662408;-0.304481;,
0.670542;-0.010610;,
0.388168;-0.255276;,
0.388923;-0.002907;,
0.226469;-0.877329;,
0.314282;-0.994741;,
0.178803;-0.962515;,
0.314160;-0.991490;,
0.229037;-0.874762;,
0.178313;-0.959342;,
0.415779;-0.874629;,
0.483369;-0.986742;,
0.420914;-0.869494;,
0.483158;-0.990009;,
0.100914;-0.836123;,
0.216038;-0.494844;,
0.238643;-0.751298;,
0.080203;-0.505141;,
0.406915;-0.503560;,
0.405565;-0.716543;,
0.617386;-0.547342;,
0.567399;-0.811626;,
0.567397;-0.808351;,
0.406915;-0.512530;,
0.405565;-0.716543;,
0.617385;-0.544068;,
0.216038;-0.498842;,
0.238643;-0.751298;,
0.080005;-0.501927;,
0.100488;-0.832947;,
0.858307;-0.288855;,
0.935018;-0.323672;,
0.898870;-0.286118;,
0.885885;-0.376693;,
0.782560;-0.343651;,
0.808735;-0.314169;,
0.750282;-0.087624;,
0.928592;-0.019715;,
0.853489;-0.017709;,
0.839324;-0.057196;,
0.743539;-0.278544;,
0.796734;-0.116102;,
0.736985;-0.172891;,
0.784156;-0.236565;,
0.883321;-0.214640;,
0.829523;-0.213651;,
0.954417;-0.244181;,
0.846484;-0.152332;,
0.922052;-0.154173;,
0.947898;-0.062037;,
0.888413;-0.106380;,
0.965780;-0.101237;,
0.950287;-0.201023;,
0.991043;-0.154633;,
0.854267;-0.288855;,
0.933858;-0.324048;,
0.884853;-0.376898;,
0.897413;-0.286118;,
0.783463;-0.343615;,
0.804414;-0.314169;,
0.928592;-0.019715;,
0.840664;-0.056425;,
0.853765;-0.018315;,
0.742033;-0.279063;,
0.797336;-0.117660;,
0.783566;-0.237936;,
0.735181;-0.172990;,
0.883325;-0.213925;,
0.829098;-0.214264;,
0.952918;-0.244503;,
0.847266;-0.152513;,
0.923141;-0.152561;,
0.947899;-0.062037;,
0.965780;-0.101237;,
0.891052;-0.104801;,
0.950288;-0.201023;,
0.991044;-0.154633;,
0.821541;-0.320585;,
0.743605;-0.273609;,
0.788705;-0.345435;,
0.787796;-0.251475;,
0.875201;-0.306308;,
0.854551;-0.231472;,
0.907972;-0.327262;,
0.951135;-0.261813;,
0.875181;-0.307035;,
0.951115;-0.262540;,
0.907952;-0.327990;,
0.854531;-0.232200;,
0.821522;-0.321312;,
0.787776;-0.252202;,
0.788685;-0.346162;,
0.743585;-0.274337;,
0.853198;-0.370337;,
0.853178;-0.371064;,
0.914063;-0.734375;,
0.644531;-0.734375;,
0.757813;-0.996094;,
0.914063;-0.734375;,
0.644531;-0.734375;,
0.757813;-0.996094;,
0.914063;-0.734375;,
0.644531;-0.734375;,
0.757813;-0.996094;,
0.914063;-0.734375;,
0.644531;-0.734375;,
0.757813;-0.996094;,
0.914063;-0.734375;,
0.644531;-0.734375;,
0.757813;-0.996094;,
0.914063;-0.734375;,
0.644531;-0.734375;,
0.757813;-0.996094;,
0.914063;-0.734375;,
0.644531;-0.734375;,
0.757813;-0.996094;,
0.914063;-0.734375;,
0.644531;-0.734375;,
0.757813;-0.996094;,
0.914063;-0.734375;,
0.644531;-0.734375;,
0.757813;-0.996094;,
0.914063;-0.734375;,
0.644531;-0.734375;,
0.757813;-0.996094;,
0.914063;-0.734375;,
0.644531;-0.734375;,
0.757813;-0.996094;,
0.914063;-0.734375;,
0.644531;-0.734375;,
0.757813;-0.996094;,
0.914063;-0.734375;,
0.644531;-0.734375;,
0.757813;-0.996094;,
0.914063;-0.734375;,
0.644531;-0.734375;,
0.757813;-0.996094;,
0.914063;-0.734375;,
0.644531;-0.734375;,
0.757813;-0.996094;,
0.914063;-0.734375;,
0.644531;-0.734375;,
0.757813;-0.996094;,
0.914063;-0.734375;,
0.644531;-0.734375;,
0.757813;-0.996094;,
0.914063;-0.734375;,
0.644531;-0.734375;,
0.757813;-0.996094;,
0.914063;-0.734375;,
0.644531;-0.734375;,
0.757813;-0.996094;,
0.914063;-0.734375;,
0.644531;-0.734375;,
0.757813;-0.996094;,
0.914063;-0.734375;,
0.644531;-0.734375;,
0.757813;-0.996094;,
0.914063;-0.734375;,
0.644531;-0.734375;,
0.757813;-0.996094;,
0.914063;-0.734375;,
0.644531;-0.734375;,
0.757813;-0.996094;,
0.914063;-0.734375;,
0.644531;-0.734375;,
0.757813;-0.996094;,
0.914063;-0.734375;,
0.644531;-0.734375;,
0.757813;-0.996094;,
0.914063;-0.734375;,
0.644531;-0.734375;,
0.757813;-0.996094;,
0.914063;-0.734375;,
0.644531;-0.734375;,
0.757813;-0.996094;,
0.914063;-0.734375;,
0.644531;-0.734375;,
0.757813;-0.996094;,
0.914063;-0.734375;,
0.644531;-0.734375;,
0.757813;-0.996094;,
0.914063;-0.734375;,
0.644531;-0.734375;,
0.757813;-0.996094;,
0.914063;-0.734375;,
0.644531;-0.734375;,
0.757813;-0.996094;,
0.914063;-0.734375;,
0.644531;-0.734375;,
0.757813;-0.996094;,
0.914063;-0.734375;,
0.644531;-0.734375;,
0.757813;-0.996094;,
0.914063;-0.734375;,
0.644531;-0.734375;,
0.757813;-0.996094;,
0.914063;-0.734375;,
0.644531;-0.734375;,
0.757813;-0.996094;,
0.914063;-0.734375;,
0.644531;-0.734375;,
0.757813;-0.996094;,
0.914063;-0.734375;,
0.644531;-0.734375;,
0.757813;-0.996094;,
0.914063;-0.734375;,
0.644531;-0.734375;,
0.757813;-0.996094;,
0.914063;-0.734375;,
0.644531;-0.734375;,
0.757813;-0.996094;,
0.914063;-0.734375;,
0.644531;-0.734375;,
0.757813;-0.996094;,
0.914063;-0.734375;,
0.644531;-0.734375;,
0.757813;-0.996094;,
0.914063;-0.734375;,
0.644531;-0.734375;,
0.757813;-0.996094;,
0.914063;-0.734375;,
0.644531;-0.734375;,
0.757813;-0.996094;,
0.914063;-0.734375;,
0.644531;-0.734375;,
0.757813;-0.996094;,
0.914063;-0.734375;,
0.644531;-0.734375;,
0.757813;-0.996094;,
0.914063;-0.734375;,
0.644531;-0.734375;,
0.757813;-0.996094;,
1.000000;-0.000000;,
0.000000;-1.000000;,
1.000000;-1.000000;,
0.000000;-0.000000;,
0.000000;-0.000000;,
1.000000;-1.000000;,
1.000000;-0.000000;,
0.000000;-1.000000;,
0.000000;-0.000000;,
1.000000;-1.000000;,
1.000000;-0.000000;,
0.000000;-1.000000;,
0.000000;-0.000000;,
1.000000;-1.000000;,
1.000000;-0.000000;,
0.000000;-1.000000;,
0.000000;-0.000000;,
1.000000;-1.000000;,
1.000000;-0.000000;,
0.000000;-1.000000;,
0.000000;-0.000000;,
1.000000;-1.000000;,
1.000000;-0.000000;,
0.000000;-1.000000;;
}// UV
}// mesh
