xof 0303txt 0032
// Exported by ParaEngine X file exporter V0.2
ParaXHeader header{
112,97,114,97;
1,0,0,0;
1;
0;
-0.500000;-0.500000;-0.500000;;
0.500000;0.500000;0.500000;;
3;
}
Mesh mesh_object{
68; // 68 vertices 
-0.000000;-0.002593;-0.500000;,
-0.500000;0.500000;-0.500000;,
-0.000000;0.500000;-0.500000;,
-0.500000;0.500000;-0.500000;,
-0.000000;-0.002593;-0.500000;,
-0.500000;-0.500000;-0.500000;,
-0.500000;-0.500000;0.500000;,
0.500000;-0.002593;0.500000;,
-0.500000;-0.002593;0.500000;,
0.500000;-0.002593;0.500000;,
-0.500000;-0.500000;0.500000;,
0.500000;-0.500000;0.500000;,
0.500000;-0.500000;-0.500000;,
-0.500000;-0.500000;0.500000;,
-0.500000;-0.500000;-0.500000;,
-0.500000;-0.500000;0.500000;,
0.500000;-0.500000;-0.500000;,
0.500000;-0.500000;0.500000;,
-0.500000;-0.002593;0.000000;,
-0.500000;-0.500000;0.500000;,
-0.500000;-0.002593;0.500000;,
-0.500000;-0.500000;0.500000;,
-0.500000;-0.002593;0.000000;,
-0.500000;-0.500000;-0.500000;,
0.500000;-0.500000;-0.500000;,
0.500000;-0.002593;0.500000;,
0.500000;-0.500000;0.500000;,
0.500000;-0.002593;0.500000;,
0.500000;-0.500000;-0.500000;,
0.500000;-0.002593;-0.500000;,
0.500000;-0.002593;-0.500000;,
-0.000000;-0.002593;0.000000;,
0.500000;-0.002593;0.500000;,
-0.000000;-0.002593;0.000000;,
0.500000;-0.002593;-0.500000;,
-0.000000;-0.002593;-0.500000;,
-0.000000;0.500000;-0.500000;,
-0.000000;-0.002593;0.000000;,
-0.000000;-0.002593;-0.500000;,
-0.000000;-0.002593;0.000000;,
-0.000000;0.500000;-0.500000;,
-0.000000;0.500000;0.000000;,
-0.500000;0.500000;-0.500000;,
-0.000000;0.500000;0.000000;,
-0.000000;0.500000;-0.500000;,
-0.000000;0.500000;0.000000;,
-0.500000;0.500000;0.000000;,
-0.500000;-0.002593;0.000000;,
-0.500000;0.500000;-0.500000;,
-0.500000;-0.500000;-0.500000;,
-0.500000;0.500000;-0.500000;,
-0.500000;-0.002593;0.000000;,
-0.500000;0.500000;0.000000;,
-0.500000;-0.002593;0.500000;,
-0.500000;-0.002593;0.000000;,
-0.500000;-0.002593;0.500000;,
-0.000000;-0.002593;0.000000;,
-0.500000;0.500000;0.000000;,
-0.500000;-0.002593;0.000000;,
-0.500000;0.500000;0.000000;,
-0.000000;-0.002593;0.000000;,
-0.000000;0.500000;0.000000;,
0.500000;-0.500000;-0.500000;,
-0.000000;-0.002593;-0.500000;,
0.500000;-0.002593;-0.500000;,
-0.000000;-0.002593;-0.500000;,
0.500000;-0.500000;-0.500000;,
-0.500000;-0.500000;-0.500000;;

24; // 24 faces 
3;0,1,2;,
3;3,4,5;,
3;6,7,8;,
3;9,10,11;,
3;12,13,14;,
3;15,16,17;,
3;18,19,20;,
3;21,22,23;,
3;24,25,26;,
3;27,28,29;,
3;30,31,32;,
3;33,34,35;,
3;36,37,38;,
3;39,40,41;,
3;42,43,44;,
3;45,42,46;,
3;47,48,49;,
3;50,51,52;,
3;53,31,54;,
3;31,55,32;,
3;56,57,58;,
3;59,60,61;,
3;62,63,64;,
3;65,66,67;;

MeshNormals {
68; // 68 normals 
0.000000;-0.000000;-1.000000;,
0.000000;-0.000000;-1.000000;,
0.000000;-0.000000;-1.000000;,
-0.000000;-0.000000;-1.000000;,
-0.000000;-0.000000;-1.000000;,
-0.000000;-0.000000;-1.000000;,
0.000000;0.000000;1.000000;,
0.000000;0.000000;1.000000;,
0.000000;0.000000;1.000000;,
0.000000;0.000000;1.000000;,
0.000000;0.000000;1.000000;,
0.000000;0.000000;1.000000;,
0.000000;-1.000000;-0.000000;,
0.000000;-1.000000;-0.000000;,
0.000000;-1.000000;-0.000000;,
-0.000000;-1.000000;-0.000000;,
-0.000000;-1.000000;-0.000000;,
-0.000000;-1.000000;-0.000000;,
-1.000000;-0.000000;0.000000;,
-1.000000;-0.000000;0.000000;,
-1.000000;-0.000000;0.000000;,
-1.000000;-0.000000;0.000000;,
-1.000000;-0.000000;0.000000;,
-1.000000;-0.000000;0.000000;,
1.000000;0.000000;-0.000000;,
1.000000;0.000000;-0.000000;,
1.000000;0.000000;-0.000000;,
1.000000;0.000000;-0.000000;,
1.000000;0.000000;-0.000000;,
1.000000;0.000000;-0.000000;,
0.000000;1.000000;0.000000;,
0.000000;1.000000;0.000000;,
0.000000;1.000000;0.000000;,
0.000000;1.000000;0.000000;,
0.000000;1.000000;0.000000;,
0.000000;1.000000;0.000000;,
1.000000;-0.000000;-0.000000;,
1.000000;-0.000000;-0.000000;,
1.000000;-0.000000;-0.000000;,
1.000000;-0.000000;0.000000;,
1.000000;-0.000000;0.000000;,
1.000000;-0.000000;0.000000;,
0.000000;1.000000;0.000000;,
0.000000;1.000000;0.000000;,
0.000000;1.000000;0.000000;,
0.000000;1.000000;0.000000;,
0.000000;1.000000;0.000000;,
-1.000000;0.000000;0.000000;,
-1.000000;0.000000;0.000000;,
-1.000000;0.000000;0.000000;,
-1.000000;0.000000;0.000000;,
-1.000000;0.000000;0.000000;,
-1.000000;0.000000;0.000000;,
0.000000;1.000000;0.000000;,
0.000000;1.000000;0.000000;,
0.000000;1.000000;0.000000;,
0.000000;0.000000;1.000000;,
0.000000;0.000000;1.000000;,
0.000000;0.000000;1.000000;,
0.000000;0.000000;1.000000;,
0.000000;0.000000;1.000000;,
0.000000;0.000000;1.000000;,
0.000000;0.000000;-1.000000;,
0.000000;0.000000;-1.000000;,
0.000000;0.000000;-1.000000;,
-0.000000;-0.000000;-1.000000;,
-0.000000;-0.000000;-1.000000;,
-0.000000;-0.000000;-1.000000;;

24; // 24 faces 
3;0,1,2;,
3;3,4,5;,
3;6,7,8;,
3;9,10,11;,
3;12,13,14;,
3;15,16,17;,
3;18,19,20;,
3;21,22,23;,
3;24,25,26;,
3;27,28,29;,
3;30,31,32;,
3;33,34,35;,
3;36,37,38;,
3;39,40,41;,
3;42,43,44;,
3;45,42,46;,
3;47,48,49;,
3;50,51,52;,
3;53,31,54;,
3;31,55,32;,
3;56,57,58;,
3;59,60,61;,
3;62,63,64;,
3;65,66,67;;
}
MeshMaterialList {
 1; // Number of unique materials
 24; // Number of faces
0,0,0,0,0,0,0,0,0,0,0,0,0,0,0,0,0,0,0,0,0,0,0,0;;
Material {
0.588000;0.588000;0.588000;1.000000;;
0.0;
0.900000;0.900000;0.900000;;
1.000000;0.000000;0.000000;;
TextureFilename {"Texture/blocks/stone.png";}
}
}// materials
MeshTextureCoords {
68; // 68 UV
0.500000;-0.497410;,
0.000500;-0.999501;,
0.500000;-0.999501;,
0.000500;-0.999501;,
0.500000;-0.497410;,
0.000500;-0.000500;,
0.999500;-0.000499;,
0.000499;-0.497410;,
0.999500;-0.497410;,
0.000499;-0.497410;,
0.999500;-0.000499;,
0.000499;-0.000499;,
0.000500;-0.000499;,
0.999500;-0.999501;,
0.999501;-0.000500;,
0.999500;-0.999501;,
0.000500;-0.000499;,
0.000499;-0.999500;,
0.500000;-0.497410;,
0.000500;-0.000499;,
0.000500;-0.497410;,
0.000500;-0.000499;,
0.500000;-0.497410;,
0.999500;-0.000500;,
0.000500;0.985973;,
0.999500;0.477134;,
0.999500;0.985973;,
0.999500;0.477134;,
0.000500;0.985973;,
0.000500;0.477134;,
0.000500;0.477134;,
0.500000;-0.007858;,
0.999500;0.477134;,
0.500000;-0.007858;,
0.000500;0.477134;,
0.000500;-0.007858;,
0.000500;-0.510965;,
0.500000;-0.007858;,
0.000500;-0.007858;,
0.500000;-0.007858;,
0.000500;-0.510965;,
0.500000;-0.510964;,
0.000500;-1.010465;,
0.500000;-0.510964;,
0.000500;-0.510965;,
0.500000;-0.510964;,
0.500000;-1.010465;,
0.500000;-0.497410;,
0.999500;-0.999501;,
0.999500;-0.000500;,
0.999500;-0.999501;,
0.500000;-0.497410;,
0.500000;-0.999501;,
0.999500;-0.510964;,
0.500000;-0.510964;,
0.999500;-0.510964;,
0.000500;-0.497410;,
0.500000;-0.999501;,
0.500000;-0.497410;,
0.500000;-0.999501;,
0.000500;-0.497410;,
0.000500;-0.999501;,
0.999500;-0.000500;,
0.500000;-0.497410;,
0.999500;-0.497410;,
0.500000;-0.497410;,
0.999500;-0.000500;,
0.000500;-0.000500;;
}// UV
}// mesh
