xof 0303txt 0032
// Exported by ParaEngine X file exporter V0.2
ParaXHeader header{
112,97,114,97;
1,0,0,0;
1;
0;
-0.509639;-0.498036;-0.498823;;
-0.333658;0.498036;0.498823;;
3;
}
Mesh mesh_object{
96; // 96 vertices 
-0.509639;0.498035;0.498823;,
-0.340454;0.498036;-0.498707;,
-0.509639;0.498036;-0.498707;,
-0.340454;0.498035;0.498823;,
-0.509639;0.358638;0.498823;,
-0.509639;0.498036;-0.498707;,
-0.509639;0.358638;-0.498707;,
-0.509639;0.498035;0.498823;,
-0.509639;0.498035;0.498823;,
-0.340454;0.358638;0.498823;,
-0.340454;0.498035;0.498823;,
-0.509639;0.358638;0.498823;,
-0.340454;0.498036;-0.498707;,
-0.509639;0.358638;-0.498707;,
-0.509639;0.498036;-0.498707;,
-0.340454;0.358638;-0.498708;,
-0.340454;0.358638;0.498823;,
-0.340454;0.498036;-0.498707;,
-0.340454;0.498035;0.498823;,
-0.340454;0.358638;-0.498708;,
-0.340454;0.358638;0.498823;,
-0.509639;0.358638;-0.498707;,
-0.340454;0.358638;-0.498708;,
-0.509639;0.358638;-0.498707;,
-0.340454;0.358638;0.498823;,
-0.509639;0.358638;0.498823;,
-0.499372;-0.488641;0.494768;,
-0.350721;0.488528;0.494769;,
-0.499372;0.488528;0.494769;,
-0.350721;-0.488641;0.494768;,
-0.499372;-0.488584;-0.000000;,
-0.499372;0.488528;0.494769;,
-0.499372;0.488584;0.000000;,
-0.499372;-0.488641;0.494768;,
-0.499372;-0.488641;0.494768;,
-0.350720;-0.488584;-0.000000;,
-0.350721;-0.488641;0.494768;,
-0.499372;-0.488584;-0.000000;,
-0.350721;0.488528;0.494769;,
-0.499372;0.488584;0.000000;,
-0.499372;0.488528;0.494769;,
-0.350720;0.488584;0.000000;,
-0.350720;-0.488584;-0.000000;,
-0.350721;0.488528;0.494769;,
-0.350721;-0.488641;0.494768;,
-0.350720;0.488584;0.000000;,
-0.499372;0.488641;-0.494768;,
-0.350721;-0.488527;-0.494769;,
-0.499372;-0.488527;-0.494769;,
-0.350721;0.488641;-0.494768;,
-0.499372;0.488584;0.000000;,
-0.499372;-0.488527;-0.494769;,
-0.499372;-0.488584;-0.000000;,
-0.499372;0.488641;-0.494768;,
-0.499372;0.488641;-0.494768;,
-0.350720;0.488584;0.000000;,
-0.350721;0.488641;-0.494768;,
-0.499372;0.488584;0.000000;,
-0.350721;-0.488527;-0.494769;,
-0.499372;-0.488584;-0.000000;,
-0.499372;-0.488527;-0.494769;,
-0.350720;-0.488584;-0.000000;,
-0.350720;0.488584;0.000000;,
-0.350721;-0.488527;-0.494769;,
-0.350721;0.488641;-0.494768;,
-0.350720;-0.488584;-0.000000;,
-0.509639;-0.498035;-0.498823;,
-0.340454;-0.498036;0.498707;,
-0.509639;-0.498036;0.498707;,
-0.340454;-0.498035;-0.498823;,
-0.509639;-0.358638;-0.498823;,
-0.509639;-0.498036;0.498707;,
-0.509639;-0.358638;0.498707;,
-0.509639;-0.498035;-0.498823;,
-0.509639;-0.498035;-0.498823;,
-0.340454;-0.358638;-0.498823;,
-0.340454;-0.498035;-0.498823;,
-0.509639;-0.358638;-0.498823;,
-0.340454;-0.498036;0.498707;,
-0.509639;-0.358638;0.498707;,
-0.509639;-0.498036;0.498707;,
-0.340454;-0.358638;0.498708;,
-0.340454;-0.358638;-0.498823;,
-0.340454;-0.498036;0.498707;,
-0.340454;-0.498035;-0.498823;,
-0.340454;-0.358638;0.498708;,
-0.340454;-0.358638;-0.498823;,
-0.509639;-0.358638;0.498707;,
-0.340454;-0.358638;0.498708;,
-0.509639;-0.358638;0.498707;,
-0.340454;-0.358638;-0.498823;,
-0.509639;-0.358638;-0.498823;,
-0.333659;-0.424260;0.421905;,
-0.333658;0.424261;-0.421905;,
-0.333658;0.424261;0.421905;,
-0.333659;-0.424261;-0.421905;;

46; // 46 faces 
3;0,1,2;,
3;1,0,3;,
3;4,5,6;,
3;5,4,7;,
3;8,9,10;,
3;9,8,11;,
3;12,13,14;,
3;13,12,15;,
3;16,17,18;,
3;17,16,19;,
3;20,21,22;,
3;23,24,25;,
3;26,27,28;,
3;27,26,29;,
3;30,31,32;,
3;31,30,33;,
3;34,35,36;,
3;35,34,37;,
3;38,39,40;,
3;39,38,41;,
3;42,43,44;,
3;43,42,45;,
3;46,47,48;,
3;47,46,49;,
3;50,51,52;,
3;51,50,53;,
3;54,55,56;,
3;55,54,57;,
3;58,59,60;,
3;59,58,61;,
3;62,63,64;,
3;63,62,65;,
3;66,67,68;,
3;67,66,69;,
3;70,71,72;,
3;71,70,73;,
3;74,75,76;,
3;75,74,77;,
3;78,79,80;,
3;79,78,81;,
3;82,83,84;,
3;83,82,85;,
3;86,87,88;,
3;89,90,91;,
3;92,93,94;,
3;93,92,95;;

MeshNormals {
96; // 96 normals 
-0.000000;1.000000;0.000001;,
-0.000000;1.000000;0.000001;,
-0.000000;1.000000;0.000001;,
-0.000000;1.000000;0.000001;,
-1.000000;-0.000000;-0.000000;,
-1.000000;-0.000000;-0.000000;,
-1.000000;-0.000000;-0.000000;,
-1.000000;-0.000000;-0.000000;,
-0.000000;-0.000000;1.000000;,
0.000000;-0.000000;1.000000;,
0.000000;-0.000000;1.000000;,
-0.000000;-0.000000;1.000000;,
-0.000000;0.000001;-1.000000;,
-0.000000;0.000001;-1.000000;,
-0.000000;0.000001;-1.000000;,
-0.000000;0.000001;-1.000000;,
1.000000;0.000001;0.000000;,
1.000000;0.000001;0.000000;,
1.000000;0.000001;0.000000;,
1.000000;0.000001;0.000000;,
0.000000;-1.000000;-0.000001;,
0.000000;-1.000000;-0.000001;,
0.000000;-1.000000;-0.000001;,
-0.000000;-1.000000;-0.000001;,
-0.000000;-1.000000;-0.000001;,
-0.000000;-1.000000;-0.000001;,
0.000000;-0.000000;1.000000;,
0.000000;-0.000000;1.000000;,
0.000000;-0.000000;1.000000;,
0.000000;-0.000000;1.000000;,
-1.000000;0.000000;-0.000000;,
-1.000000;0.000000;-0.000000;,
-1.000000;-0.000000;0.000000;,
-1.000000;0.000000;-0.000000;,
0.000000;-1.000000;-0.000376;,
0.000000;-1.000000;-0.000376;,
0.000000;-1.000000;-0.000376;,
0.000000;-1.000000;-0.000376;,
-0.000000;1.000000;0.000375;,
-0.000000;1.000000;0.000375;,
0.000000;1.000000;0.000375;,
-0.000000;1.000000;0.000375;,
1.000000;0.000000;0.000000;,
1.000000;-0.000000;0.000000;,
1.000000;-0.000000;0.000000;,
1.000000;0.000000;-0.000000;,
0.000000;0.000000;-1.000000;,
0.000000;0.000000;-1.000000;,
0.000000;0.000000;-1.000000;,
0.000000;0.000000;-1.000000;,
-1.000000;-0.000000;0.000000;,
-1.000000;-0.000000;0.000000;,
-1.000000;0.000000;-0.000000;,
-1.000000;-0.000000;0.000000;,
-0.000000;1.000000;0.000377;,
-0.000000;1.000000;0.000377;,
0.000000;1.000000;0.000377;,
-0.000000;1.000000;0.000377;,
0.000000;-1.000000;-0.000375;,
0.000000;-1.000000;-0.000375;,
0.000000;-1.000000;-0.000375;,
0.000000;-1.000000;-0.000375;,
1.000000;0.000000;-0.000000;,
1.000000;0.000000;-0.000000;,
1.000000;0.000000;-0.000000;,
1.000000;0.000000;0.000000;,
-0.000000;-1.000000;-0.000000;,
-0.000000;-1.000000;-0.000000;,
-0.000000;-1.000000;-0.000000;,
-0.000000;-1.000000;-0.000000;,
-1.000000;0.000000;0.000000;,
-1.000000;0.000000;0.000000;,
-1.000000;0.000000;0.000000;,
-1.000000;0.000000;0.000000;,
-0.000000;0.000000;-1.000000;,
0.000000;0.000000;-1.000000;,
0.000000;0.000000;-1.000000;,
-0.000000;0.000000;-1.000000;,
-0.000000;-0.000001;1.000000;,
-0.000000;-0.000001;1.000000;,
-0.000000;-0.000001;1.000000;,
-0.000000;-0.000001;1.000000;,
1.000000;-0.000001;-0.000000;,
1.000000;-0.000001;-0.000000;,
1.000000;-0.000001;-0.000000;,
1.000000;-0.000001;-0.000000;,
0.000000;1.000000;0.000001;,
0.000000;1.000000;0.000001;,
0.000000;1.000000;0.000001;,
-0.000000;1.000000;0.000000;,
-0.000000;1.000000;0.000000;,
-0.000000;1.000000;0.000000;,
1.000000;-0.000000;0.000000;,
1.000000;-0.000000;0.000000;,
1.000000;-0.000000;0.000000;,
1.000000;-0.000000;0.000000;;

46; // 46 faces 
3;0,1,2;,
3;1,0,3;,
3;4,5,6;,
3;5,4,7;,
3;8,9,10;,
3;9,8,11;,
3;12,13,14;,
3;13,12,15;,
3;16,17,18;,
3;17,16,19;,
3;20,21,22;,
3;23,24,25;,
3;26,27,28;,
3;27,26,29;,
3;30,31,32;,
3;31,30,33;,
3;34,35,36;,
3;35,34,37;,
3;38,39,40;,
3;39,38,41;,
3;42,43,44;,
3;43,42,45;,
3;46,47,48;,
3;47,46,49;,
3;50,51,52;,
3;51,50,53;,
3;54,55,56;,
3;55,54,57;,
3;58,59,60;,
3;59,58,61;,
3;62,63,64;,
3;63,62,65;,
3;66,67,68;,
3;67,66,69;,
3;70,71,72;,
3;71,70,73;,
3;74,75,76;,
3;75,74,77;,
3;78,79,80;,
3;79,78,81;,
3;82,83,84;,
3;83,82,85;,
3;86,87,88;,
3;89,90,91;,
3;92,93,94;,
3;93,92,95;;
}
MeshMaterialList {
 2; // Number of unique materials
 46; // Number of faces
0,0,0,0,0,0,0,0,0,0,0,0,0,0,0,0,0,0,0,0,0,0,0,0,0,0,0,0,0,0,0,0,0,0,0,0,0,0,0,0,0,0,0,0,1,1;;
Material {
0.588000;0.588000;0.588000;1.000000;;
0.0;
0.900000;0.900000;0.900000;;
1.000000;0.000000;0.000000;;
TextureFilename {"Texture/blocks/bed_feet_top.png";}
}
Material {
1.000000;1.000000;1.000000;1.000000;;
0.0;
1.000000;1.000000;1.000000;;
0.000000;1.000000;1.000000;;
}
}// materials
MeshTextureCoords {
96; // 96 UV
0.874657;-0.906464;,
0.098553;-0.774081;,
0.098553;-0.906464;,
0.874657;-0.774081;,
0.151020;-0.983271;,
0.015165;-0.018885;,
0.151021;-0.018885;,
0.015165;-0.983272;,
0.809011;-0.922119;,
0.782043;-0.787300;,
0.809011;-0.787300;,
0.782043;-0.922119;,
0.197286;-0.922119;,
0.223015;-0.787300;,
0.197286;-0.787300;,
0.223015;-0.922119;,
0.149656;-0.983272;,
0.013285;-0.018885;,
0.013285;-0.983272;,
0.149656;-0.018884;,
0.149656;-0.983272;,
0.149656;-0.018884;,
0.149656;-0.018884;,
0.149656;-0.018884;,
0.149656;-0.983272;,
0.149656;-0.983272;,
0.874657;-0.906464;,
0.098553;-0.774081;,
0.098553;-0.906464;,
0.874657;-0.774081;,
0.501036;-0.983272;,
0.015165;-0.018885;,
0.501036;-0.018885;,
0.015165;-0.983272;,
0.809011;-0.922119;,
0.712561;-0.787300;,
0.809011;-0.787300;,
0.712561;-0.922119;,
0.197286;-0.922119;,
0.289303;-0.787300;,
0.197286;-0.787300;,
0.289303;-0.922119;,
0.500999;-0.983272;,
0.013285;-0.018885;,
0.013285;-0.983272;,
0.500999;-0.018885;,
0.874657;-0.906464;,
0.098553;-0.774081;,
0.098553;-0.906464;,
0.874657;-0.774081;,
0.501036;-0.983272;,
0.015165;-0.018885;,
0.501036;-0.018885;,
0.015165;-0.983272;,
0.809011;-0.922119;,
0.712561;-0.787300;,
0.809011;-0.787300;,
0.712561;-0.922119;,
0.197286;-0.922119;,
0.289303;-0.787300;,
0.197286;-0.787300;,
0.289303;-0.922119;,
0.500999;-0.983272;,
0.013285;-0.018885;,
0.013285;-0.983272;,
0.500999;-0.018885;,
0.874657;-0.906464;,
0.098553;-0.774081;,
0.098553;-0.906464;,
0.874657;-0.774081;,
0.151020;-0.983271;,
0.015165;-0.018885;,
0.151021;-0.018885;,
0.015165;-0.983272;,
0.809011;-0.922119;,
0.782043;-0.787300;,
0.809011;-0.787300;,
0.782043;-0.922119;,
0.197286;-0.922119;,
0.223015;-0.787300;,
0.197286;-0.787300;,
0.223015;-0.922119;,
0.149656;-0.983272;,
0.013285;-0.018885;,
0.013285;-0.983272;,
0.149656;-0.018884;,
0.149656;-0.983272;,
0.149656;-0.018884;,
0.149656;-0.018884;,
0.149656;-0.018884;,
0.149656;-0.983272;,
0.149656;-0.983272;,
1.000000;-0.000000;,
0.000000;-1.000000;,
1.000000;-1.000000;,
0.000000;-0.000000;;
}// UV
}// mesh
