xof 0303txt 0032
// Exported by ParaEngine X file exporter V0.2
ParaXHeader header{
112,97,114,97;
1,0,0,0;
1;
0;
-0.050000;-0.500000;-0.050000;;
0.050000;-0.400000;0.050000;;
3;
}
Mesh mesh_object{
181; // 181 vertices 
0.056129;-0.138442;-0.240204;,
0.129712;0.065408;-0.233822;,
0.133147;-0.139258;-0.207321;,
0.074010;-0.038744;-0.250985;,
0.183328;-0.134306;-0.155446;,
0.174527;-0.034723;-0.180741;,
0.098380;-0.311765;-0.136192;,
0.015755;-0.296676;-0.168118;,
0.143142;-0.288004;-0.045401;,
0.007857;-0.514098;-0.017891;,
-0.012210;-0.411896;-0.104431;,
0.098932;-0.410607;-0.009120;,
-0.095365;-0.125882;-0.198390;,
-0.233212;0.038791;-0.233039;,
-0.153727;-0.096927;-0.109199;,
-0.262600;0.075359;-0.373122;,
-0.086769;-0.160080;-0.312174;,
-0.157965;-0.006826;-0.368706;,
-0.042310;-0.408676;-0.143337;,
-0.104020;-0.399404;-0.089577;,
0.039505;-0.364988;-0.147957;,
0.007857;-0.514098;-0.017891;,
-0.044209;-0.465884;-0.030625;,
0.041919;-0.471419;-0.060252;,
0.179523;-0.163473;-0.007410;,
0.133206;-0.210322;0.042947;,
0.158709;-0.212582;-0.018699;,
0.170338;-0.099362;0.049486;,
0.094644;-0.195999;0.089848;,
0.106196;-0.137005;0.089060;,
0.063742;-0.343227;0.009307;,
0.089568;-0.343480;-0.059010;,
0.023525;-0.325290;0.049269;,
0.008291;-0.509190;-0.017713;,
0.033733;-0.456990;-0.043852;,
-0.004706;-0.456128;0.014738;,
-0.219285;-0.348809;0.063139;,
-0.173506;-0.380162;-0.011416;,
-0.151643;-0.328084;0.078111;,
-0.275677;-0.415872;0.003412;,
-0.164357;-0.351209;-0.091282;,
-0.230113;-0.368503;-0.081121;,
-0.082749;-0.405272;-0.019207;,
-0.057107;-0.363772;0.064230;,
-0.068855;-0.384551;-0.083834;,
0.007857;-0.514098;-0.017891;,
0.000783;-0.457021;0.027254;,
-0.003171;-0.478513;-0.044445;,
0.213346;-0.236792;-0.055638;,
0.180568;-0.286370;0.005437;,
0.165666;-0.248651;-0.070042;,
0.275677;-0.267256;0.004627;,
0.155475;-0.241309;0.085498;,
0.207287;-0.227805;0.070621;,
0.101204;-0.410926;0.000945;,
0.094646;-0.345918;-0.083336;,
0.083928;-0.332492;0.082785;,
0.008573;-0.514128;-0.017902;,
0.036125;-0.454584;-0.069105;,
0.027246;-0.477504;0.027542;,
0.101671;-0.143819;0.222815;,
0.032210;-0.239017;0.205244;,
0.101571;-0.182514;0.106357;,
0.064182;-0.170234;0.373122;,
-0.065208;-0.195217;0.150350;,
-0.040202;-0.157545;0.258822;,
0.021733;-0.432408;0.084219;,
0.107819;-0.351404;0.019274;,
-0.082830;-0.372458;0.071919;,
0.007857;-0.514098;-0.017891;,
0.073837;-0.446360;-0.021004;,
-0.048645;-0.479400;0.020159;,
-0.133537;-0.263109;0.005263;,
-0.136556;-0.340251;-0.023172;,
-0.120999;-0.305058;0.015017;,
-0.168397;-0.193934;-0.033823;,
-0.127507;-0.316894;-0.071685;,
-0.138878;-0.272822;-0.065887;,
-0.051892;-0.421516;-0.025162;,
-0.023581;-0.395110;0.025530;,
-0.037198;-0.413875;-0.077769;,
0.008415;-0.511887;-0.017591;,
-0.003130;-0.447895;0.012618;,
-0.006659;-0.467773;-0.046650;,
-0.060608;-0.173657;0.000114;,
-0.033052;-0.395316;0.007688;,
-0.068805;-0.171957;0.038963;,
-0.022565;-0.396182;-0.028481;,
-0.033968;-0.165178;0.026791;,
0.009057;-0.386117;0.003186;,
-0.068805;-0.171957;0.038963;,
-0.033052;-0.395316;0.007688;,
-0.120389;0.020119;0.017641;,
-0.123778;0.021931;0.045825;,
-0.099020;0.026749;0.037175;,
-0.123778;0.021931;0.045825;,
-0.131045;0.186133;0.014477;,
-0.134190;0.186785;0.029381;,
-0.120826;0.189386;0.024711;,
-0.134190;0.186785;0.029381;,
0.007983;-0.510053;-0.017568;,
-0.025647;-0.118838;-0.046225;,
-0.012759;-0.427898;-0.000882;,
-0.040889;-0.122115;-0.010004;,
-0.004087;-0.426019;-0.024565;,
-0.004027;-0.121758;-0.013954;,
0.021483;-0.427189;-0.010187;,
-0.040889;-0.122115;-0.010004;,
-0.012759;-0.427898;-0.000882;,
0.027651;0.191889;0.037632;,
0.016819;0.189560;0.063373;,
0.043015;0.189814;0.060566;,
0.016819;0.189560;0.063373;,
0.003870;0.364032;0.025354;,
-0.003910;0.362359;0.043844;,
0.014907;0.362541;0.041828;,
-0.003910;0.362359;0.043844;,
0.008415;-0.511887;-0.017591;,
-0.152428;0.232083;0.062430;,
-0.109085;0.190685;0.052411;,
-0.100353;0.232083;0.062418;,
-0.145559;0.190685;0.052514;,
-0.152952;0.232083;-0.013718;,
-0.159181;0.190685;0.021178;,
-0.168614;0.232083;0.021201;,
-0.145365;0.190685;-0.005128;,
-0.100353;0.232083;-0.012875;,
-0.109085;0.190685;-0.004770;,
-0.080093;0.232083;0.021201;,
-0.092174;0.190685;0.021201;,
-0.145607;0.270982;0.054013;,
-0.108101;0.270982;0.053987;,
-0.145234;0.270982;-0.006149;,
-0.160119;0.270982;0.021218;,
-0.108101;0.270982;-0.006258;,
-0.090564;0.270982;0.021201;,
-0.128858;0.183778;0.021627;,
-0.128949;0.282888;0.021666;,
-0.001368;0.123523;-0.011603;,
0.050716;0.117453;0.019061;,
0.041224;0.155071;0.023519;,
0.024829;0.098279;-0.002286;,
0.043716;0.121590;-0.053841;,
0.052231;0.097104;-0.027958;,
0.086307;0.153138;-0.018718;,
0.078118;0.116278;-0.006611;,
-0.024843;0.184416;-0.032544;,
0.022847;0.222975;0.014054;,
0.026107;0.179176;-0.087147;,
0.072885;0.217427;-0.040475;,
0.019641;0.217527;-0.042224;,
-0.041187;0.385501;0.034007;,
0.008183;0.356470;0.067566;,
0.007869;0.396939;0.080245;,
-0.021237;0.349611;0.039836;,
0.006115;0.375877;-0.014330;,
0.007131;0.343838;0.010846;,
0.055170;0.387314;0.031907;,
0.036551;0.350698;0.038576;,
-0.047102;0.464684;0.020822;,
0.006689;0.477362;0.072140;,
0.004775;0.454379;-0.031063;,
0.057556;0.466653;0.018541;,
0.005242;0.490800;0.015341;,
-0.017677;-0.277539;-0.052878;,
0.016352;-0.449432;-0.007936;,
0.011278;-0.270188;-0.038236;,
-0.018055;-0.458166;-0.025333;,
0.011054;-0.278813;-0.068425;,
0.016086;-0.459680;-0.043808;,
0.011278;-0.270188;-0.038236;,
0.016352;-0.449432;-0.007936;,
0.011574;0.010510;-0.007036;,
0.036081;0.016732;0.005356;,
0.035891;0.009432;-0.020195;,
0.036081;0.016732;0.005356;,
0.040565;0.115674;-0.007157;,
0.058169;0.120143;0.001744;,
0.058032;0.114899;-0.016609;,
0.058169;0.120143;0.001744;,
0.008887;-0.508110;-0.017508;;

227; // 227 faces 
3;0,1,2;,
3;1,0,3;,
3;1,4,2;,
3;4,1,5;,
3;0,6,7;,
3;6,0,2;,
3;2,8,6;,
3;8,2,4;,
3;7,9,10;,
3;9,7,6;,
3;6,11,9;,
3;11,6,8;,
3;12,13,14;,
3;13,12,15;,
3;16,15,12;,
3;15,16,17;,
3;18,14,19;,
3;14,18,12;,
3;20,12,18;,
3;12,20,16;,
3;21,19,22;,
3;19,21,18;,
3;23,18,21;,
3;18,23,20;,
3;24,25,26;,
3;25,24,27;,
3;27,28,25;,
3;28,27,29;,
3;26,30,31;,
3;30,26,25;,
3;25,32,30;,
3;32,25,28;,
3;31,33,34;,
3;33,31,30;,
3;30,35,33;,
3;35,30,32;,
3;36,37,38;,
3;37,36,39;,
3;39,40,37;,
3;40,39,41;,
3;38,42,43;,
3;42,38,37;,
3;37,44,42;,
3;44,37,40;,
3;43,45,46;,
3;45,43,42;,
3;42,47,45;,
3;47,42,44;,
3;48,49,50;,
3;49,48,51;,
3;51,52,49;,
3;52,51,53;,
3;50,54,55;,
3;54,50,49;,
3;49,56,54;,
3;56,49,52;,
3;55,57,58;,
3;57,55,54;,
3;54,59,57;,
3;59,54,56;,
3;60,61,62;,
3;61,60,63;,
3;63,64,61;,
3;64,63,65;,
3;62,66,67;,
3;66,62,61;,
3;61,68,66;,
3;68,61,64;,
3;67,69,70;,
3;69,67,66;,
3;66,71,69;,
3;71,66,68;,
3;72,73,74;,
3;73,72,75;,
3;75,76,73;,
3;76,75,77;,
3;74,78,79;,
3;78,74,73;,
3;73,80,78;,
3;80,73,76;,
3;79,81,82;,
3;81,79,78;,
3;78,83,81;,
3;83,78,80;,
3;84,85,86;,
3;85,84,87;,
3;88,87,84;,
3;87,88,89;,
3;90,89,88;,
3;89,90,91;,
3;92,86,93;,
3;86,92,84;,
3;94,84,92;,
3;84,94,88;,
3;95,88,94;,
3;88,95,90;,
3;96,93,97;,
3;93,96,92;,
3;98,92,96;,
3;92,98,94;,
3;99,94,98;,
3;94,99,95;,
3;87,100,85;,
3;89,100,87;,
3;91,100,89;,
3;101,102,103;,
3;102,101,104;,
3;105,104,101;,
3;104,105,106;,
3;107,106,105;,
3;106,107,108;,
3;109,103,110;,
3;103,109,101;,
3;111,101,109;,
3;101,111,105;,
3;112,105,111;,
3;105,112,107;,
3;113,110,114;,
3;110,113,109;,
3;115,109,113;,
3;109,115,111;,
3;116,111,115;,
3;111,116,112;,
3;104,117,102;,
3;106,117,104;,
3;108,117,106;,
3;118,119,120;,
3;119,118,121;,
3;122,123,124;,
3;123,122,125;,
3;126,125,122;,
3;125,126,127;,
3;128,127,126;,
3;127,128,129;,
3;120,129,128;,
3;129,120,119;,
3;130,120,131;,
3;120,130,118;,
3;132,124,133;,
3;124,132,122;,
3;134,122,132;,
3;122,134,126;,
3;135,126,134;,
3;126,135,128;,
3;131,128,135;,
3;128,131,120;,
3;121,136,119;,
3;125,136,123;,
3;127,136,125;,
3;129,136,127;,
3;119,136,129;,
3;131,137,130;,
3;133,137,132;,
3;132,137,134;,
3;134,137,135;,
3;135,137,131;,
3;130,137,133;,
3;133,118,130;,
3;118,133,124;,
3;124,121,118;,
3;121,124,123;,
3;136,121,123;,
3;138,139,140;,
3;139,138,141;,
3;142,141,138;,
3;141,142,143;,
3;144,143,142;,
3;143,144,145;,
3;140,145,144;,
3;145,140,139;,
3;146,140,147;,
3;140,146,138;,
3;148,138,146;,
3;138,148,142;,
3;149,142,148;,
3;142,149,144;,
3;147,144,149;,
3;144,147,140;,
3;145,139,141;,
3;147,150,146;,
3;146,150,148;,
3;148,150,149;,
3;149,150,147;,
3;143,145,141;,
3;151,152,153;,
3;152,151,154;,
3;155,154,151;,
3;154,155,156;,
3;157,156,155;,
3;156,157,158;,
3;153,158,157;,
3;158,153,152;,
3;159,153,160;,
3;153,159,151;,
3;161,151,159;,
3;151,161,155;,
3;162,155,161;,
3;155,162,157;,
3;160,157,162;,
3;157,160,153;,
3;158,152,154;,
3;160,163,159;,
3;159,163,161;,
3;161,163,162;,
3;162,163,160;,
3;156,158,154;,
3;164,165,166;,
3;165,164,167;,
3;168,167,164;,
3;167,168,169;,
3;170,169,168;,
3;169,170,171;,
3;172,166,173;,
3;166,172,164;,
3;174,164,172;,
3;164,174,168;,
3;175,168,174;,
3;168,175,170;,
3;176,173,177;,
3;173,176,172;,
3;178,172,176;,
3;172,178,174;,
3;179,174,178;,
3;174,179,175;,
3;167,180,165;,
3;169,180,167;,
3;171,180,169;;

MeshNormals {
181; // 181 normals 
0.375617;-0.286947;-0.881234;,
0.568491;-0.121883;-0.813611;,
0.572551;-0.284615;-0.768883;,
0.597747;-0.191395;-0.778503;,
0.680338;-0.361226;-0.637695;,
0.602932;-0.145940;-0.784331;,
0.597136;-0.485460;-0.638558;,
0.247771;-0.502640;-0.828228;,
0.845884;-0.394265;-0.359216;,
0.530455;-0.578120;-0.619996;,
0.478302;-0.510908;-0.714283;,
0.738953;-0.530254;-0.415668;,
0.840092;0.502751;0.203682;,
0.759421;0.647981;0.058309;,
0.788005;0.472435;0.394784;,
0.746590;0.640741;0.179037;,
0.835667;0.548645;-0.025476;,
0.323186;0.456020;0.829214;,
0.255197;0.522304;0.813678;,
0.633977;0.454038;0.626037;,
-0.012277;0.451357;0.892259;,
0.217125;0.802305;0.556024;,
0.642705;0.743186;0.186022;,
-0.150981;0.709215;0.688636;,
0.828933;-0.354177;0.432930;,
0.733080;-0.421199;0.534027;,
0.810861;-0.471914;0.346124;,
0.741430;-0.252502;0.621711;,
0.630216;-0.361906;0.686915;,
0.564118;-0.099504;0.819676;,
0.720729;-0.421805;0.550118;,
0.842151;-0.443172;0.307213;,
0.559232;-0.408386;0.721443;,
0.769230;-0.367078;0.523010;,
0.896679;-0.442544;-0.011017;,
0.582752;-0.317319;0.748137;,
0.248708;-0.828790;0.501250;,
0.054425;-0.992178;0.112342;,
-0.059644;-0.863791;0.500307;,
0.327066;-0.937846;0.116068;,
-0.051499;-0.929810;-0.364419;,
0.172430;-0.896026;-0.409151;,
-0.537040;-0.840330;0.073716;,
-0.417272;-0.748292;0.515696;,
-0.467791;-0.806468;-0.361638;,
-0.747820;-0.657299;0.093400;,
-0.510175;-0.571563;0.642680;,
-0.677546;-0.580569;-0.451521;,
0.256870;-0.813189;-0.522246;,
0.587315;-0.807491;0.054940;,
0.591924;-0.663438;-0.457686;,
0.237590;-0.971201;0.017856;,
0.486461;-0.653547;0.579855;,
0.361042;-0.586690;0.724875;,
0.804031;-0.590267;0.071548;,
0.752851;-0.505299;-0.421767;,
0.668318;-0.484810;0.564190;,
0.778389;-0.624677;-0.062358;,
0.871806;-0.481382;-0.090696;,
0.692839;-0.628233;0.353974;,
0.787175;-0.600395;0.141005;,
0.203073;-0.759564;0.617919;,
0.818318;-0.427149;0.384577;,
0.166263;-0.925561;0.340138;,
-0.580048;-0.497956;0.644658;,
-0.514458;-0.766355;0.384751;,
0.283035;-0.614412;0.736471;,
0.736556;-0.380713;0.559055;,
-0.413675;-0.448863;0.792082;,
0.385955;-0.713882;0.584304;,
0.530537;-0.484805;0.695338;,
-0.191370;-0.679248;0.708519;,
-0.856468;-0.148694;0.494321;,
-0.840079;-0.517074;0.164020;,
-0.748014;-0.320759;0.581024;,
-0.973654;-0.199564;0.110324;,
-0.844904;-0.398851;-0.356449;,
-0.905494;-0.183264;-0.382747;,
-0.755928;-0.633005;0.166964;,
-0.626426;-0.489832;0.606346;,
-0.706369;-0.635419;-0.311905;,
-0.826974;-0.540424;0.155099;,
-0.674073;-0.411262;0.613587;,
-0.742879;-0.547478;-0.385226;,
-0.289406;0.045458;-0.956126;,
-0.727474;-0.291464;0.621153;,
-0.600574;-0.192986;0.775930;,
-0.268209;-0.048539;-0.962137;,
0.947263;0.232760;0.220265;,
0.953227;0.038808;0.299753;,
-0.600574;-0.192986;0.775930;,
-0.727474;-0.291464;0.621153;,
-0.428802;-0.037531;-0.902619;,
-0.636904;-0.077791;0.767008;,
0.944328;0.223947;0.241026;,
-0.636904;-0.077791;0.767008;,
-0.224244;-0.046840;-0.973407;,
-0.624200;0.038414;0.780320;,
0.966286;0.139253;0.216562;,
-0.624200;0.038414;0.780320;,
0.196690;-0.975966;-0.093828;,
-0.144577;0.101091;-0.984316;,
-0.714891;-0.164068;0.679716;,
-0.854051;-0.019762;0.519814;,
-0.342611;-0.084781;-0.935644;,
0.922362;-0.096580;0.374059;,
0.989363;-0.025642;0.143189;,
-0.854051;-0.019762;0.519814;,
-0.714891;-0.164068;0.679716;,
-0.007964;0.095422;-0.995405;,
-0.720871;-0.019079;0.692807;,
0.887569;-0.023588;0.460071;,
-0.720871;-0.019079;0.692807;,
-0.151926;-0.091186;-0.984177;,
-0.871883;-0.049532;0.487202;,
0.911009;0.188068;0.367005;,
-0.871883;-0.049532;0.487202;,
0.078479;-0.994678;-0.066761;,
-0.562532;-0.011369;0.826697;,
0.368666;-0.671013;0.643294;,
0.538141;-0.006762;0.842827;,
-0.417631;-0.652087;0.632745;,
-0.547174;0.003953;-0.837010;,
-0.763053;-0.646062;-0.018829;,
-0.999652;0.000064;-0.026379;,
-0.380258;-0.645461;-0.662407;,
0.517872;-0.016838;-0.855292;,
0.356231;-0.651834;-0.669486;,
0.999277;-0.009825;-0.036737;,
0.744049;-0.666920;-0.040103;,
-0.420590;0.616517;0.665590;,
0.395797;0.625980;0.671933;,
-0.407205;0.599390;-0.689142;,
-0.801388;0.596720;-0.041270;,
0.370169;0.609363;-0.701178;,
0.778927;0.626584;-0.025795;,
-0.016658;-0.999769;-0.013566;,
-0.030529;0.999320;-0.020698;,
-0.849929;-0.498243;0.171387;,
0.196870;-0.422872;0.884546;,
0.048066;0.056301;0.997256;,
-0.404409;-0.858974;0.314035;,
0.117582;-0.569192;-0.813753;,
0.245177;-0.902726;-0.353516;,
0.999882;0.010441;0.011245;,
0.854449;-0.476845;0.206242;,
-0.987508;0.142545;-0.067157;,
-0.152906;0.697181;0.700398;,
-0.075331;0.050741;-0.995867;,
0.724997;0.648439;-0.232176;,
-0.312252;0.872918;-0.374850;,
-0.965210;-0.253430;0.064367;,
0.027379;-0.609241;0.792512;,
0.021441;-0.074746;0.996972;,
-0.641226;-0.750459;0.160130;,
-0.013929;-0.406905;-0.913364;,
0.003741;-0.868798;-0.495153;,
0.974344;-0.223984;0.022025;,
0.672755;-0.728131;0.131247;,
-0.915326;0.397665;-0.063568;,
0.010474;0.586053;0.810205;,
-0.022062;0.244204;-0.969473;,
0.896761;0.430018;-0.104425;,
-0.018680;0.977525;-0.209992;,
-0.994827;0.069079;-0.074484;,
0.510613;0.004861;0.859797;,
0.539141;-0.038604;0.841330;,
-0.974147;-0.222370;0.039859;,
0.456446;0.006678;-0.889726;,
0.500439;-0.282227;-0.818479;,
0.539141;-0.038604;0.841330;,
0.510613;0.004861;0.859797;,
-0.986543;0.150104;0.064816;,
0.446458;-0.103169;0.888837;,
0.521733;0.023017;-0.852798;,
0.446458;-0.103169;0.888837;,
-0.957216;0.264016;0.118464;,
0.558982;-0.090605;0.824215;,
0.699852;-0.123002;-0.703617;,
0.558982;-0.090605;0.824215;,
0.078921;-0.983494;0.162823;;

227; // 227 faces 
3;0,1,2;,
3;1,0,3;,
3;1,4,2;,
3;4,1,5;,
3;0,6,7;,
3;6,0,2;,
3;2,8,6;,
3;8,2,4;,
3;7,9,10;,
3;9,7,6;,
3;6,11,9;,
3;11,6,8;,
3;12,13,14;,
3;13,12,15;,
3;16,15,12;,
3;15,16,17;,
3;18,14,19;,
3;14,18,12;,
3;20,12,18;,
3;12,20,16;,
3;21,19,22;,
3;19,21,18;,
3;23,18,21;,
3;18,23,20;,
3;24,25,26;,
3;25,24,27;,
3;27,28,25;,
3;28,27,29;,
3;26,30,31;,
3;30,26,25;,
3;25,32,30;,
3;32,25,28;,
3;31,33,34;,
3;33,31,30;,
3;30,35,33;,
3;35,30,32;,
3;36,37,38;,
3;37,36,39;,
3;39,40,37;,
3;40,39,41;,
3;38,42,43;,
3;42,38,37;,
3;37,44,42;,
3;44,37,40;,
3;43,45,46;,
3;45,43,42;,
3;42,47,45;,
3;47,42,44;,
3;48,49,50;,
3;49,48,51;,
3;51,52,49;,
3;52,51,53;,
3;50,54,55;,
3;54,50,49;,
3;49,56,54;,
3;56,49,52;,
3;55,57,58;,
3;57,55,54;,
3;54,59,57;,
3;59,54,56;,
3;60,61,62;,
3;61,60,63;,
3;63,64,61;,
3;64,63,65;,
3;62,66,67;,
3;66,62,61;,
3;61,68,66;,
3;68,61,64;,
3;67,69,70;,
3;69,67,66;,
3;66,71,69;,
3;71,66,68;,
3;72,73,74;,
3;73,72,75;,
3;75,76,73;,
3;76,75,77;,
3;74,78,79;,
3;78,74,73;,
3;73,80,78;,
3;80,73,76;,
3;79,81,82;,
3;81,79,78;,
3;78,83,81;,
3;83,78,80;,
3;84,85,86;,
3;85,84,87;,
3;88,87,84;,
3;87,88,89;,
3;90,89,88;,
3;89,90,91;,
3;92,86,93;,
3;86,92,84;,
3;94,84,92;,
3;84,94,88;,
3;95,88,94;,
3;88,95,90;,
3;96,93,97;,
3;93,96,92;,
3;98,92,96;,
3;92,98,94;,
3;99,94,98;,
3;94,99,95;,
3;87,100,85;,
3;89,100,87;,
3;91,100,89;,
3;101,102,103;,
3;102,101,104;,
3;105,104,101;,
3;104,105,106;,
3;107,106,105;,
3;106,107,108;,
3;109,103,110;,
3;103,109,101;,
3;111,101,109;,
3;101,111,105;,
3;112,105,111;,
3;105,112,107;,
3;113,110,114;,
3;110,113,109;,
3;115,109,113;,
3;109,115,111;,
3;116,111,115;,
3;111,116,112;,
3;104,117,102;,
3;106,117,104;,
3;108,117,106;,
3;118,119,120;,
3;119,118,121;,
3;122,123,124;,
3;123,122,125;,
3;126,125,122;,
3;125,126,127;,
3;128,127,126;,
3;127,128,129;,
3;120,129,128;,
3;129,120,119;,
3;130,120,131;,
3;120,130,118;,
3;132,124,133;,
3;124,132,122;,
3;134,122,132;,
3;122,134,126;,
3;135,126,134;,
3;126,135,128;,
3;131,128,135;,
3;128,131,120;,
3;121,136,119;,
3;125,136,123;,
3;127,136,125;,
3;129,136,127;,
3;119,136,129;,
3;131,137,130;,
3;133,137,132;,
3;132,137,134;,
3;134,137,135;,
3;135,137,131;,
3;130,137,133;,
3;133,118,130;,
3;118,133,124;,
3;124,121,118;,
3;121,124,123;,
3;136,121,123;,
3;138,139,140;,
3;139,138,141;,
3;142,141,138;,
3;141,142,143;,
3;144,143,142;,
3;143,144,145;,
3;140,145,144;,
3;145,140,139;,
3;146,140,147;,
3;140,146,138;,
3;148,138,146;,
3;138,148,142;,
3;149,142,148;,
3;142,149,144;,
3;147,144,149;,
3;144,147,140;,
3;145,139,141;,
3;147,150,146;,
3;146,150,148;,
3;148,150,149;,
3;149,150,147;,
3;143,145,141;,
3;151,152,153;,
3;152,151,154;,
3;155,154,151;,
3;154,155,156;,
3;157,156,155;,
3;156,157,158;,
3;153,158,157;,
3;158,153,152;,
3;159,153,160;,
3;153,159,151;,
3;161,151,159;,
3;151,161,155;,
3;162,155,161;,
3;155,162,157;,
3;160,157,162;,
3;157,160,153;,
3;158,152,154;,
3;160,163,159;,
3;159,163,161;,
3;161,163,162;,
3;162,163,160;,
3;156,158,154;,
3;164,165,166;,
3;165,164,167;,
3;168,167,164;,
3;167,168,169;,
3;170,169,168;,
3;169,170,171;,
3;172,166,173;,
3;166,172,164;,
3;174,164,172;,
3;164,174,168;,
3;175,168,174;,
3;168,175,170;,
3;176,173,177;,
3;173,176,172;,
3;178,172,176;,
3;172,178,174;,
3;179,174,178;,
3;174,179,175;,
3;167,180,165;,
3;169,180,167;,
3;171,180,169;;
}
MeshMaterialList {
 1; // Number of unique materials
 227; // Number of faces
0,0,0,0,0,0,0,0,0,0,0,0,0,0,0,0,0,0,0,0,0,0,0,0,0,0,0,0,0,0,0,0,0,0,0,0,0,0,0,0,0,0,0,0,0,0,0,0,0,0,0,0,0,0,0,0,0,0,0,0,0,0,0,0,0,0,0,0,0,0,0,0,0,0,0,0,0,0,0,0,0,0,0,0,0,0,0,0,0,0,0,0,0,0,0,0,0,0,0,0,0,0,0,0,0,0,0,0,0,0,0,0,0,0,0,0,0,0,0,0,0,0,0,0,0,0,0,0,0,0,0,0,0,0,0,0,0,0,0,0,0,0,0,0,0,0,0,0,0,0,0,0,0,0,0,0,0,0,0,0,0,0,0,0,0,0,0,0,0,0,0,0,0,0,0,0,0,0,0,0,0,0,0,0,0,0,0,0,0,0,0,0,0,0,0,0,0,0,0,0,0,0,0,0,0,0,0,0,0,0,0,0,0,0,0,0,0,0,0,0,0,0,0,0,0,0,0;;
Material {
0.588235;0.588235;0.588235;1.000000;;
387000.0;
0.900000;0.900000;0.900000;;
1.000000;0.000000;0.000000;;
TextureFilename {"model/04deco/v5/blockworld/05plants/03flower/Flower03.dds";}
}
}// materials
MeshTextureCoords {
181; // 181 UV
0.128906;-0.667969;,
0.269531;-0.996094;,
0.265625;-0.667969;,
0.167969;-0.886719;,
0.394531;-0.667969;,
0.367188;-0.898438;,
0.265625;-0.296875;,
0.140625;-0.296875;,
0.386719;-0.296875;,
0.265625;-0.023438;,
0.160156;-0.117188;,
0.363281;-0.125000;,
0.268910;-0.665461;,
0.361354;-0.871692;,
0.395224;-0.665462;,
0.269358;-0.989434;,
0.131269;-0.688899;,
0.163148;-0.841748;,
0.269635;-0.290561;,
0.385801;-0.290561;,
0.152326;-0.290561;,
0.269635;-0.019277;,
0.369182;-0.129019;,
0.164821;-0.115902;,
0.171875;-0.902344;,
0.269531;-0.718750;,
0.132813;-0.718750;,
0.269531;-0.992188;,
0.394531;-0.718750;,
0.367188;-0.902344;,
0.269531;-0.437500;,
0.132813;-0.437500;,
0.394531;-0.437500;,
0.269531;-0.015625;,
0.132813;-0.171875;,
0.394531;-0.156250;,
0.171875;-0.902344;,
0.269531;-0.718750;,
0.132813;-0.718750;,
0.269531;-0.992188;,
0.394531;-0.718750;,
0.367188;-0.902344;,
0.269531;-0.437500;,
0.132813;-0.437500;,
0.394531;-0.437500;,
0.269531;-0.015625;,
0.132813;-0.171875;,
0.394531;-0.156250;,
0.171875;-0.867188;,
0.269531;-0.687500;,
0.136719;-0.710938;,
0.269531;-0.996094;,
0.394531;-0.710938;,
0.363281;-0.902344;,
0.253906;-0.320313;,
0.136719;-0.332031;,
0.394531;-0.332031;,
0.253906;-0.015625;,
0.136719;-0.164063;,
0.394531;-0.191406;,
0.171875;-0.867188;,
0.269531;-0.687500;,
0.136719;-0.710938;,
0.269531;-0.996094;,
0.394531;-0.710938;,
0.363281;-0.902344;,
0.253906;-0.320313;,
0.136719;-0.332031;,
0.394531;-0.332031;,
0.253906;-0.015625;,
0.136719;-0.093750;,
0.394531;-0.093750;,
0.171875;-0.867188;,
0.269531;-0.687500;,
0.136719;-0.710938;,
0.269531;-0.996094;,
0.394531;-0.710938;,
0.363281;-0.902344;,
0.253906;-0.320313;,
0.136719;-0.332031;,
0.394531;-0.332031;,
0.253906;-0.015625;,
0.136719;-0.164063;,
0.394531;-0.191406;,
0.052292;-0.445632;,
0.018682;-0.085052;,
0.018682;-0.445632;,
0.052292;-0.085052;,
0.078848;-0.445632;,
0.078848;-0.085052;,
0.105786;-0.445632;,
0.105786;-0.085052;,
0.052292;-0.723962;,
0.018682;-0.723962;,
0.078848;-0.723962;,
0.105786;-0.723962;,
0.052292;-0.981183;,
0.018682;-0.981183;,
0.078848;-0.981183;,
0.105786;-0.981183;,
0.065348;-0.034571;,
0.052292;-0.445632;,
0.018682;-0.085052;,
0.018682;-0.445632;,
0.052292;-0.085052;,
0.078848;-0.445632;,
0.078848;-0.085052;,
0.105786;-0.445632;,
0.105786;-0.085052;,
0.052292;-0.723962;,
0.018682;-0.723962;,
0.078848;-0.723962;,
0.105786;-0.723962;,
0.052292;-0.981183;,
0.018682;-0.981183;,
0.078848;-0.981183;,
0.105786;-0.981183;,
0.065348;-0.034571;,
0.884873;-0.773027;,
0.939561;-0.733964;,
0.939561;-0.773027;,
0.884873;-0.733964;,
0.884873;-0.773027;,
0.837998;-0.718339;,
0.837998;-0.773027;,
0.884873;-0.733964;,
0.939561;-0.773027;,
0.939561;-0.733964;,
0.990342;-0.773027;,
0.990342;-0.718339;,
0.884873;-0.823808;,
0.939561;-0.823808;,
0.884873;-0.823808;,
0.841904;-0.823808;,
0.939561;-0.823808;,
0.990342;-0.823808;,
0.908311;-0.675370;,
0.908311;-0.858964;,
0.666123;-0.655839;,
0.732529;-0.624589;,
0.732529;-0.655839;,
0.677842;-0.601152;,
0.732529;-0.655839;,
0.732529;-0.624589;,
0.798936;-0.655839;,
0.787217;-0.601152;,
0.666123;-0.733964;,
0.732529;-0.722245;,
0.732529;-0.722245;,
0.798936;-0.737870;,
0.732529;-0.765214;,
0.654404;-0.636308;,
0.732529;-0.624589;,
0.732529;-0.663652;,
0.681748;-0.601152;,
0.732529;-0.663652;,
0.732529;-0.624589;,
0.810654;-0.640214;,
0.783311;-0.601152;,
0.654404;-0.737870;,
0.732529;-0.722245;,
0.732529;-0.722245;,
0.806748;-0.737870;,
0.732529;-0.780839;,
0.052292;-0.445632;,
0.018682;-0.085052;,
0.018682;-0.445632;,
0.052292;-0.085052;,
0.078848;-0.445632;,
0.078848;-0.085052;,
0.105786;-0.445632;,
0.105786;-0.085052;,
0.052292;-0.723962;,
0.018682;-0.723962;,
0.078848;-0.723962;,
0.105786;-0.723962;,
0.052292;-0.981183;,
0.018682;-0.981183;,
0.078848;-0.981183;,
0.105786;-0.981183;,
0.065348;-0.034571;;
}// UV
}// mesh
