xof 0303txt 0032
// Exported by ParaEngine X file exporter V0.2
ParaXHeader header{
112,97,114,97;
1,0,0,0;
1;
0;
-0.584767;-0.501693;-0.436900;;
0.467960;0.041077;0.436900;;
3;
}
Mesh mesh_object{
58; // 58 vertices 
0.467872;-0.501693;0.436900;,
-0.584767;-0.501693;-0.000000;,
0.467960;-0.501693;0.000000;,
-0.322603;-0.501693;0.436900;,
-0.532181;-0.312133;-0.000000;,
0.433938;-0.312133;0.405514;,
0.434026;-0.312133;0.000000;,
-0.288669;-0.312133;0.405513;,
-0.584767;-0.501693;-0.000000;,
-0.288669;-0.312133;0.405513;,
-0.532181;-0.312133;-0.000000;,
-0.322603;-0.501693;0.436900;,
-0.322603;-0.501693;-0.436900;,
0.433939;-0.312133;-0.405513;,
0.467873;-0.501693;-0.436900;,
-0.288669;-0.312133;-0.405513;,
0.467960;-0.501693;0.000000;,
0.433939;-0.312133;-0.405513;,
0.434026;-0.312133;0.000000;,
0.467873;-0.501693;-0.436900;,
0.467872;-0.501693;0.436900;,
-0.288669;-0.312133;0.405513;,
-0.322603;-0.501693;0.436900;,
0.433938;-0.312133;0.405514;,
-0.148833;0.041077;-0.046460;,
-0.266277;0.040595;0.058150;,
-0.148833;0.041077;0.058150;,
-0.266276;0.040595;-0.046460;,
-0.148812;-0.372022;-0.045999;,
-0.148833;0.041077;0.058150;,
-0.148812;-0.372022;0.057689;,
-0.148833;0.041077;-0.046460;,
-0.148812;-0.372022;0.057689;,
-0.266277;0.040595;0.058150;,
-0.266150;-0.372486;0.057689;,
-0.148833;0.041077;0.058150;,
-0.266150;-0.372486;0.057689;,
-0.266276;0.040595;-0.046460;,
-0.266150;-0.372486;-0.045999;,
-0.266277;0.040595;0.058150;,
-0.266150;-0.372486;-0.045999;,
-0.148833;0.041077;-0.046460;,
-0.148812;-0.372022;-0.045999;,
-0.266276;0.040595;-0.046460;,
0.467873;-0.501693;-0.436900;,
-0.322603;-0.501693;-0.436900;,
-0.288669;-0.312133;-0.405513;,
0.434026;-0.312133;0.000000;,
0.433939;-0.312133;-0.405513;,
-0.532181;-0.312133;-0.000000;,
-0.584767;-0.501693;-0.000000;,
-0.288669;-0.312133;-0.405513;,
-0.322603;-0.501693;-0.436900;,
-0.532181;-0.312133;-0.000000;,
0.467960;-0.501693;0.000000;,
0.433938;-0.312133;0.405514;,
0.467872;-0.501693;0.436900;,
0.434026;-0.312133;0.000000;;

30; // 30 faces 
3;0,1,2;,
3;1,0,3;,
3;4,5,6;,
3;5,4,7;,
3;8,9,10;,
3;9,8,11;,
3;12,13,14;,
3;13,12,15;,
3;16,17,18;,
3;17,16,19;,
3;20,21,22;,
3;21,20,23;,
3;24,25,26;,
3;25,24,27;,
3;28,29,30;,
3;29,28,31;,
3;32,33,34;,
3;33,32,35;,
3;36,37,38;,
3;37,36,39;,
3;40,41,42;,
3;41,40,43;,
3;44,1,45;,
3;1,44,2;,
3;46,47,48;,
3;47,46,49;,
3;50,51,52;,
3;51,50,53;,
3;54,55,56;,
3;55,54,57;;

MeshNormals {
58; // 58 normals 
0.000000;-1.000000;0.000000;,
0.000000;-1.000000;0.000000;,
0.000000;-1.000000;0.000000;,
0.000000;-1.000000;0.000000;,
0.000000;1.000000;0.000000;,
0.000000;1.000000;0.000000;,
0.000000;1.000000;0.000000;,
0.000000;1.000000;0.000000;,
-0.856855;0.035362;0.514344;,
-0.856854;0.035362;0.514344;,
-0.856855;0.035362;0.514344;,
-0.856855;0.035362;0.514344;,
0.000000;0.024581;-0.999698;,
0.000000;0.024581;-0.999698;,
0.000000;0.024581;-0.999698;,
0.000000;0.024581;-0.999698;,
0.999647;0.026577;-0.000208;,
0.999647;0.026577;-0.000208;,
0.999647;0.026577;-0.000208;,
0.999647;0.026577;-0.000208;,
-0.000000;0.024581;0.999698;,
-0.000000;0.024581;0.999698;,
-0.000000;0.024581;0.999698;,
-0.000000;0.024581;0.999698;,
-0.027608;0.999619;-0.000000;,
-0.027608;0.999619;-0.000000;,
-0.027608;0.999619;-0.000000;,
-0.027608;0.999619;-0.000000;,
1.000000;0.000008;0.000001;,
1.000000;0.000008;0.000001;,
1.000000;0.000008;0.000001;,
1.000000;0.000008;0.000001;,
0.000004;-0.000166;1.000000;,
0.000004;-0.000166;1.000000;,
0.000004;-0.000166;1.000000;,
0.000004;-0.000166;1.000000;,
-1.000000;-0.000046;-0.000001;,
-1.000000;-0.000046;-0.000001;,
-1.000000;-0.000046;-0.000001;,
-1.000000;-0.000046;-0.000001;,
0.000005;-0.000166;-1.000000;,
0.000005;-0.000166;-1.000000;,
0.000005;-0.000166;-1.000000;,
0.000005;-0.000166;-1.000000;,
0.000000;-1.000000;0.000000;,
0.000000;-1.000000;0.000000;,
0.000000;1.000000;-0.000000;,
0.000000;1.000000;-0.000000;,
0.000000;1.000000;-0.000000;,
0.000000;1.000000;-0.000000;,
-0.856854;0.035362;-0.514345;,
-0.856854;0.035362;-0.514345;,
-0.856854;0.035362;-0.514345;,
-0.856854;0.035362;-0.514345;,
0.999647;0.026577;0.000209;,
0.999647;0.026577;0.000209;,
0.999647;0.026577;0.000209;,
0.999647;0.026577;0.000209;;

30; // 30 faces 
3;0,1,2;,
3;1,0,3;,
3;4,5,6;,
3;5,4,7;,
3;8,9,10;,
3;9,8,11;,
3;12,13,14;,
3;13,12,15;,
3;16,17,18;,
3;17,16,19;,
3;20,21,22;,
3;21,20,23;,
3;24,25,26;,
3;25,24,27;,
3;28,29,30;,
3;29,28,31;,
3;32,33,34;,
3;33,32,35;,
3;36,37,38;,
3;37,36,39;,
3;40,41,42;,
3;41,40,43;,
3;44,1,45;,
3;1,44,2;,
3;46,47,48;,
3;47,46,49;,
3;50,51,52;,
3;51,50,53;,
3;54,55,56;,
3;55,54,57;;
}
MeshMaterialList {
 1; // Number of unique materials
 30; // Number of faces
0,0,0,0,0,0,0,0,0,0,0,0,0,0,0,0,0,0,0,0,0,0,0,0,0,0,0,0,0,0;;
Material {
0.588000;0.588000;0.588000;1.000000;;
0.0;
0.900000;0.900000;0.900000;;
1.000000;0.000000;0.000000;;
TextureFilename {"Texture/blocks/Redstone_Repeater_off.png;2";}
}
}// materials
MeshTextureCoords {
58; // 58 UV
0.999500;-0.000842;,
0.500000;-0.998324;,
0.500000;-0.000843;,
0.999500;-0.749732;,
0.500000;-0.969172;,
0.972797;-0.027546;,
0.500000;-0.027546;,
0.972797;-0.723029;,
0.500000;-0.998324;,
0.972797;-0.723029;,
0.500000;-0.969172;,
0.999500;-0.749732;,
0.000500;-0.749732;,
0.027203;-0.027546;,
0.000499;-0.000843;,
0.027203;-0.723029;,
0.500000;-0.000843;,
0.027203;-0.027546;,
0.500000;-0.027546;,
0.000499;-0.000843;,
0.999500;-0.000842;,
0.972797;-0.723029;,
0.999500;-0.749732;,
0.972797;-0.027546;,
0.829053;-0.451150;,
0.749127;-0.395245;,
0.749127;-0.451150;,
0.829053;-0.395246;,
0.655118;-0.607185;,
0.893286;-0.547558;,
0.655118;-0.547700;,
0.893286;-0.607334;,
0.655118;-0.607334;,
0.893125;-0.547558;,
0.654963;-0.547593;,
0.893286;-0.607328;,
0.654963;-0.607185;,
0.893125;-0.547558;,
0.654963;-0.547700;,
0.893125;-0.607334;,
0.654963;-0.607298;,
0.893286;-0.547564;,
0.655118;-0.547558;,
0.893125;-0.607334;,
0.000499;-0.000843;,
0.000500;-0.749732;,
0.027203;-0.723029;,
0.500000;-0.027546;,
0.027203;-0.027546;,
0.500000;-0.969172;,
0.500000;-0.998324;,
0.027203;-0.723029;,
0.000500;-0.749732;,
0.500000;-0.969172;,
0.500000;-0.000843;,
0.972797;-0.027546;,
0.999500;-0.000842;,
0.500000;-0.027546;;
}// UV
}// mesh
