xof 0303txt 0032
// Exported by ParaEngine X file exporter V0.2
ParaXHeader header{
112,97,114,97;
1,0,0,0;
1;
0;
-0.485664;-0.527835;-0.539428;;
0.482052;0.500541;0.528687;;
3;
}
Mesh mesh_object{
199; // 199 vertices 
-0.011131;0.211593;-0.128939;,
0.010707;-0.112315;-0.119089;,
0.010707;0.211593;-0.128939;,
-0.011131;-0.112315;-0.119089;,
-0.000212;0.210486;-0.139802;,
-0.000212;-0.111208;-0.108227;,
-0.000212;0.212700;-0.118077;,
-0.000212;-0.113422;-0.129951;,
-0.088620;0.208577;-0.128858;,
0.086259;0.498399;-0.121756;,
-0.088620;0.498399;-0.121756;,
0.086259;0.208577;-0.128858;,
-0.001180;0.210719;-0.216271;,
-0.001180;0.496257;-0.034343;,
-0.001180;0.500541;-0.209170;,
-0.001180;0.206435;-0.041445;,
-0.074964;-0.365979;-0.323662;,
0.004010;-0.342275;-0.122131;,
-0.000513;-0.320925;-0.323662;,
-0.070441;-0.387329;-0.122131;,
0.073937;-0.365979;-0.323662;,
0.078461;-0.387329;-0.122131;,
-0.000622;-0.523435;0.027064;,
-0.436524;-0.379665;-0.243721;,
-0.221095;-0.352179;0.000879;,
-0.169103;-0.302273;-0.089173;,
-0.122730;-0.352179;-0.209615;,
0.014250;-0.526615;0.016643;,
-0.250656;-0.365979;0.238551;,
-0.111986;-0.342275;0.071594;,
-0.287882;-0.320925;0.174075;,
-0.074761;-0.387329;0.136071;,
-0.325107;-0.365979;0.109599;,
-0.149212;-0.387329;0.007118;,
0.015839;-0.523435;-0.001447;,
0.073938;-0.347663;0.311766;,
0.000542;-0.320426;0.133212;,
-0.000513;-0.295895;0.311766;,
0.074993;-0.372194;0.133212;,
-0.074964;-0.347663;0.311766;,
-0.073909;-0.372194;0.133212;,
-0.000622;-0.527835;-0.009334;,
0.317371;-0.365979;0.107488;,
0.101762;-0.342275;0.067825;,
0.280146;-0.320925;0.171964;,
0.138988;-0.387329;0.003349;,
0.242920;-0.365979;0.236440;,
0.064537;-0.387329;0.132301;,
-0.017083;-0.523435;-0.001447;,
0.230828;-0.350980;-0.211371;,
0.079711;-0.324384;-0.038155;,
0.268053;-0.300429;-0.146894;,
0.042486;-0.374935;-0.102631;,
0.305279;-0.350980;-0.082418;,
0.116937;-0.374935;0.026321;,
-0.016006;-0.527038;0.016939;,
-0.137185;-0.479689;-0.305830;,
-0.083692;-0.425679;-0.073929;,
-0.041711;-0.398019;-0.092005;,
0.000269;-0.425679;-0.110081;,
0.003993;-0.512033;0.018775;,
0.094222;-0.478564;-0.318894;,
-0.011360;-0.405205;-0.115500;,
0.032490;-0.374170;-0.102605;,
0.076340;-0.405205;-0.089711;,
-0.003699;-0.514245;0.018519;,
0.346129;-0.479689;-0.007570;,
0.104812;-0.425679;-0.043424;,
0.107351;-0.398019;0.002213;,
0.109890;-0.425679;0.047849;,
-0.012273;-0.512033;0.008705;,
0.128277;-0.412737;0.304298;,
0.086267;-0.403192;0.094678;,
0.044286;-0.371410;0.112754;,
0.002305;-0.403192;0.130830;,
-0.004844;-0.514735;-0.001750;,
-0.206690;-0.479689;0.296609;,
-0.039649;-0.414307;0.136480;,
-0.076293;-0.386647;0.109162;,
-0.112938;-0.414307;0.081843;,
0.006353;-0.512033;-0.001299;,
-0.319632;-0.478696;0.012247;,
-0.117476;-0.406273;0.056017;,
-0.118103;-0.375635;0.010315;,
-0.118730;-0.406273;-0.035388;,
0.009920;-0.513986;0.007912;,
0.009013;-0.484398;-0.004069;,
0.050708;-0.068202;0.116890;,
-0.008985;-0.484343;0.005252;,
0.068706;-0.068258;0.107569;,
0.004647;-0.485409;0.009544;,
0.055073;-0.067191;0.103277;,
-0.004619;-0.483332;-0.008362;,
0.064340;-0.069269;0.121183;,
0.048622;0.125173;0.111006;,
0.066620;0.125117;0.101686;,
0.052988;0.126184;0.097393;,
0.062254;0.124106;0.115299;,
0.130435;0.116650;0.068546;,
-0.015938;0.386102;0.137261;,
-0.013699;0.117095;0.143189;,
0.128196;0.385657;0.062618;,
0.095684;0.118770;0.177912;,
0.018813;0.383981;0.027894;,
0.021052;0.114974;0.033822;,
0.093445;0.387778;0.171984;,
-0.061255;-0.182901;0.116204;,
-0.106897;0.053811;0.143202;,
-0.076779;-0.183389;0.108347;,
-0.091373;0.054299;0.151060;,
-0.072832;-0.184822;0.119916;,
-0.095320;0.055732;0.139490;,
-0.065202;-0.181467;0.104635;,
-0.102949;0.052377;0.154771;,
-0.035947;0.051367;0.178556;,
-0.173118;0.277911;0.126716;,
-0.160263;0.047459;0.115632;,
-0.048801;0.281819;0.189640;,
-0.129388;0.044682;0.209193;,
-0.079676;0.284596;0.096079;,
-0.066822;0.054145;0.084995;,
-0.142243;0.275133;0.220277;,
-0.120745;-0.246817;-0.026758;,
-0.166327;-0.071806;-0.042904;,
-0.114645;-0.245984;-0.040127;,
-0.172427;-0.072639;-0.029535;,
-0.175865;-0.073861;-0.039282;,
-0.111208;-0.244762;-0.030380;,
-0.162890;-0.070583;-0.033157;,
-0.124183;-0.248040;-0.036505;,
-0.193485;-0.079519;0.017924;,
-0.166765;0.121275;-0.087130;,
-0.144638;-0.072846;-0.089132;,
-0.215612;0.114604;0.019926;,
-0.222277;-0.081994;-0.060247;,
-0.137974;0.123751;-0.008959;,
-0.244404;0.112128;-0.058245;,
-0.115846;-0.070371;-0.010961;,
0.158574;-0.119655;-0.059149;,
0.001782;-0.484775;0.008113;,
0.160960;-0.118709;-0.042636;,
-0.000604;-0.485721;-0.008400;,
0.167843;-0.121043;-0.051953;,
-0.007488;-0.483387;0.000917;,
0.151691;-0.117321;-0.049832;,
0.008665;-0.487109;-0.001204;,
0.184888;0.016891;-0.060703;,
0.182502;0.015945;-0.077216;,
0.175619;0.018280;-0.067899;,
0.191772;0.014557;-0.070020;,
0.173462;0.008134;-0.135473;,
0.212471;0.236125;-0.018737;,
0.193363;0.228550;-0.150976;,
0.192569;0.015709;-0.003234;,
0.248971;0.005323;-0.078506;,
0.136962;0.238936;-0.075705;,
0.117060;0.018520;-0.060202;,
0.268872;0.225739;-0.094009;,
0.452769;-0.472058;-0.258451;,
-0.005149;-0.473890;-0.539428;,
-0.485664;-0.473890;0.291034;,
0.001522;-0.471653;0.528687;,
0.482052;-0.473890;0.285415;,
0.007112;-0.484822;0.004736;,
-0.008411;-0.485310;-0.003122;,
-0.004464;-0.486743;0.008448;,
0.003165;-0.483388;-0.006833;,
-0.004010;-0.486101;0.006726;,
0.002090;-0.485268;-0.006643;,
0.005527;-0.484045;0.003104;,
-0.007448;-0.487324;-0.003021;,
0.010707;-0.484019;-0.000316;,
-0.011131;-0.484019;-0.000316;,
-0.000212;-0.482912;0.010546;,
-0.000212;-0.485126;-0.011179;,
-0.050000;-0.500000;-0.050000;,
0.050000;-0.500000;0.050000;,
-0.050000;-0.500000;0.050000;,
0.050000;-0.500000;-0.050000;,
-0.050000;-0.400000;-0.050000;,
0.050000;-0.400000;0.050000;,
0.050000;-0.400000;-0.050000;,
-0.050000;-0.400000;0.050000;,
-0.050000;-0.500000;-0.050000;,
0.050000;-0.400000;-0.050000;,
0.050000;-0.500000;-0.050000;,
-0.050000;-0.400000;-0.050000;,
0.050000;-0.500000;-0.050000;,
0.050000;-0.400000;0.050000;,
0.050000;-0.500000;0.050000;,
0.050000;-0.400000;-0.050000;,
0.050000;-0.500000;0.050000;,
-0.050000;-0.400000;0.050000;,
-0.050000;-0.500000;0.050000;,
0.050000;-0.400000;0.050000;,
-0.050000;-0.500000;0.050000;,
-0.050000;-0.400000;-0.050000;,
-0.050000;-0.500000;-0.050000;,
-0.050000;-0.400000;0.050000;;

140; // 140 faces 
3;0,1,2;,
3;1,0,3;,
3;4,5,6;,
3;5,4,7;,
3;8,9,10;,
3;9,8,11;,
3;12,13,14;,
3;13,12,15;,
3;16,17,18;,
3;17,16,19;,
3;20,17,21;,
3;17,20,18;,
3;19,22,17;,
3;17,22,21;,
3;23,24,25;,
3;23,25,26;,
3;24,27,25;,
3;25,27,26;,
3;28,29,30;,
3;29,28,31;,
3;32,29,33;,
3;29,32,30;,
3;31,34,29;,
3;29,34,33;,
3;35,36,37;,
3;36,35,38;,
3;39,36,40;,
3;36,39,37;,
3;38,41,36;,
3;36,41,40;,
3;42,43,44;,
3;43,42,45;,
3;46,43,47;,
3;43,46,44;,
3;45,48,43;,
3;43,48,47;,
3;49,50,51;,
3;50,49,52;,
3;53,50,54;,
3;50,53,51;,
3;52,55,50;,
3;50,55,54;,
3;56,57,58;,
3;56,58,59;,
3;57,60,58;,
3;58,60,59;,
3;61,62,63;,
3;61,63,64;,
3;62,65,63;,
3;63,65,64;,
3;66,67,68;,
3;66,68,69;,
3;67,70,68;,
3;68,70,69;,
3;71,72,73;,
3;71,73,74;,
3;72,75,73;,
3;73,75,74;,
3;76,77,78;,
3;76,78,79;,
3;77,80,78;,
3;78,80,79;,
3;81,82,83;,
3;81,83,84;,
3;82,85,83;,
3;83,85,84;,
3;86,87,88;,
3;87,86,89;,
3;90,91,92;,
3;91,90,93;,
3;94,89,95;,
3;89,94,87;,
3;96,93,97;,
3;93,96,91;,
3;98,99,100;,
3;99,98,101;,
3;102,103,104;,
3;103,102,105;,
3;106,107,108;,
3;107,106,109;,
3;110,111,112;,
3;111,110,113;,
3;114,115,116;,
3;115,114,117;,
3;118,119,120;,
3;119,118,121;,
3;122,123,124;,
3;123,122,125;,
3;126,127,128;,
3;127,126,129;,
3;130,131,132;,
3;131,130,133;,
3;134,135,136;,
3;135,134,137;,
3;138,139,140;,
3;139,138,141;,
3;142,143,144;,
3;143,142,145;,
3;146,138,140;,
3;138,146,147;,
3;148,142,144;,
3;142,148,149;,
3;150,151,152;,
3;151,150,153;,
3;154,155,156;,
3;155,154,157;,
3;49,51,158;,
3;51,53,158;,
3;16,18,159;,
3;18,20,159;,
3;28,30,160;,
3;30,32,160;,
3;35,37,161;,
3;37,39,161;,
3;42,44,162;,
3;44,46,162;,
3;163,108,164;,
3;108,163,106;,
3;165,112,166;,
3;112,165,110;,
3;167,124,168;,
3;124,167,122;,
3;169,129,170;,
3;129,169,127;,
3;171,3,172;,
3;3,171,1;,
3;173,7,174;,
3;7,173,5;,
3;175,176,177;,
3;176,175,178;,
3;179,180,181;,
3;180,179,182;,
3;183,184,185;,
3;184,183,186;,
3;187,188,189;,
3;188,187,190;,
3;191,192,193;,
3;192,191,194;,
3;195,196,197;,
3;196,195,198;;

MeshNormals {
199; // 199 normals 
0.000000;0.030397;0.999538;,
0.000001;0.169026;0.985611;,
0.000000;0.030397;0.999538;,
0.000001;0.169026;0.985611;,
-1.000000;0.000000;-0.000000;,
-1.000000;0.000000;-0.000000;,
-1.000000;0.000000;-0.000000;,
-1.000000;0.000000;-0.000000;,
0.000000;-0.024496;0.999700;,
0.000000;-0.024496;0.999700;,
0.000000;-0.024496;0.999700;,
0.000000;-0.024496;0.999700;,
-1.000000;-0.000000;0.000000;,
-1.000000;-0.000000;0.000000;,
-1.000000;-0.000000;0.000000;,
-1.000000;-0.000000;0.000000;,
-0.506117;0.836342;-0.210660;,
0.006105;0.903702;0.428118;,
-0.002129;0.973617;-0.228181;,
-0.464123;0.766948;0.443148;,
0.504706;0.834009;-0.222935;,
0.464770;0.768017;0.440612;,
-0.002851;0.635760;0.771881;,
-0.216753;0.969935;-0.110653;,
0.054924;0.859562;0.508071;,
0.225539;0.962697;0.149488;,
0.401929;0.890280;-0.214139;,
0.654503;0.685425;0.319089;,
0.078117;0.837813;0.540341;,
0.371910;0.902811;-0.215907;,
-0.187711;0.976259;0.108093;,
0.617072;0.766240;0.179162;,
-0.431941;0.837141;-0.335591;,
0.152822;0.766477;-0.623826;,
0.672286;0.630666;-0.387675;,
0.555477;0.798877;0.230740;,
0.001733;0.883785;-0.467890;,
-0.001930;0.971370;0.237566;,
0.495977;0.713304;-0.495181;,
-0.555493;0.798901;0.230619;,
-0.495750;0.712978;-0.495876;,
-0.000671;0.566403;-0.824128;,
0.429329;0.837717;-0.337502;,
-0.381557;0.897472;-0.221267;,
0.185944;0.976435;0.109547;,
-0.167322;0.760180;-0.627798;,
-0.076763;0.837551;0.540940;,
-0.628458;0.759510;0.167885;,
-0.689542;0.604742;-0.398522;,
-0.067618;0.803744;-0.591120;,
-0.425371;0.871049;0.245629;,
0.214532;0.969070;-0.121982;,
-0.701845;0.698021;-0.142060;,
0.481688;0.802830;0.351341;,
-0.227948;0.697994;0.678855;,
-0.760477;0.478524;0.438964;,
-0.131494;0.944219;-0.301927;,
-0.382215;0.836589;0.392467;,
0.075032;0.983234;0.166196;,
0.547532;0.836739;-0.008758;,
0.271204;0.724462;0.633722;,
0.117936;0.907062;-0.404140;,
-0.586058;0.808962;0.045993;,
-0.045817;0.985843;0.161290;,
0.468224;0.809119;0.355095;,
-0.209798;0.669980;0.712118;,
0.322975;0.946264;-0.016489;,
-0.237869;0.836449;-0.493732;,
-0.184962;0.982712;0.008094;,
-0.184376;0.835945;0.516916;,
-0.688340;0.724384;0.038158;,
0.077540;0.981033;0.177659;,
0.359133;0.772369;-0.523898;,
-0.111615;0.960293;-0.255695;,
-0.627145;0.772723;-0.097918;,
-0.298363;0.656086;-0.693203;,
-0.222945;0.926035;0.304556;,
0.515541;0.841671;0.160647;,
0.085756;0.988655;-0.123321;,
-0.304594;0.842454;-0.444403;,
0.402122;0.740016;-0.539142;,
-0.455260;0.890340;0.005772;,
0.193776;0.816105;0.544447;,
0.146497;0.989211;-0.001037;,
0.178924;0.816080;-0.549544;,
0.733840;0.679241;-0.010510;,
0.439252;-0.291017;0.849922;,
0.455555;-0.131431;0.880452;,
0.439252;-0.291017;0.849922;,
0.455574;-0.131131;0.880487;,
-0.887923;0.003969;0.459974;,
-0.887912;0.004191;0.459994;,
-0.887923;0.003969;0.459974;,
-0.887912;0.004199;0.459995;,
0.459709;0.031962;0.887494;,
0.459709;0.031962;0.887494;,
-0.887900;0.004419;0.460014;,
-0.887900;0.004419;0.460014;,
0.459796;0.023390;0.887716;,
0.459796;0.023390;0.887716;,
0.459797;0.023390;0.887716;,
0.459796;0.023390;0.887716;,
-0.887985;0.002741;0.459864;,
-0.887985;0.002741;0.459864;,
-0.887985;0.002741;0.459864;,
-0.887985;0.002741;0.459864;,
-0.424422;-0.293097;0.856715;,
-0.439177;-0.184950;0.879157;,
-0.424700;-0.291395;0.857157;,
-0.439177;-0.184950;0.879157;,
-0.890331;-0.040864;-0.453477;,
-0.889646;-0.046202;-0.454308;,
-0.890425;-0.040109;-0.453359;,
-0.889646;-0.046202;-0.454308;,
-0.448864;-0.067892;0.891017;,
-0.448864;-0.067892;0.891017;,
-0.448864;-0.067892;0.891017;,
-0.448864;-0.067892;0.891017;,
-0.891867;-0.028038;-0.451428;,
-0.891867;-0.028038;-0.451428;,
-0.891867;-0.028038;-0.451428;,
-0.891867;-0.028038;-0.451428;,
-0.841679;-0.355765;-0.406212;,
-0.870899;-0.265010;-0.413889;,
-0.840241;-0.359618;-0.405796;,
-0.870899;-0.265010;-0.413889;,
-0.402684;-0.104985;0.909299;,
-0.407006;-0.087705;0.909205;,
-0.402684;-0.104985;0.909299;,
-0.406295;-0.090586;0.909241;,
-0.903002;-0.098617;-0.418166;,
-0.903002;-0.098617;-0.418166;,
-0.903002;-0.098617;-0.418166;,
-0.903002;-0.098617;-0.418165;,
-0.414443;-0.056608;0.908313;,
-0.414443;-0.056608;0.908313;,
-0.414443;-0.056608;0.908313;,
-0.414443;-0.056608;0.908313;,
-0.946800;0.298738;0.119691;,
-0.906200;0.408952;0.107512;,
-0.945394;0.303342;0.119224;,
-0.906200;0.408952;0.107512;,
-0.149879;-0.089402;-0.984654;,
-0.146372;-0.073118;-0.986524;,
-0.149536;-0.087799;-0.984850;,
-0.146372;-0.073118;-0.986524;,
-0.973349;0.189054;0.129812;,
-0.973349;0.189054;0.129812;,
-0.152981;-0.103942;-0.982748;,
-0.152981;-0.103942;-0.982748;,
-0.985681;0.098617;0.136775;,
-0.985681;0.098617;0.136775;,
-0.985681;0.098617;0.136775;,
-0.985681;0.098617;0.136775;,
0.142779;0.056608;0.988135;,
0.142779;0.056608;0.988135;,
0.142779;0.056609;0.988134;,
0.142779;0.056608;0.988134;,
0.537860;0.782601;-0.313436;,
-0.002682;0.815814;-0.578309;,
-0.479275;0.832407;0.278198;,
0.001199;0.776978;0.629526;,
0.478017;0.834414;0.274322;,
-0.404754;-0.395964;0.824249;,
-0.404754;-0.395964;0.824249;,
-0.891086;-0.034716;-0.452505;,
-0.891086;-0.034716;-0.452505;,
-0.803012;-0.446920;-0.394251;,
-0.803012;-0.446920;-0.394251;,
-0.410553;-0.073103;0.908902;,
-0.410553;-0.073103;0.908902;,
0.000000;0.304374;0.952552;,
0.000000;0.304374;0.952553;,
-1.000000;0.000000;-0.000000;,
-1.000000;0.000000;-0.000000;,
0.000000;-1.000000;0.000000;,
0.000000;-1.000000;0.000000;,
0.000000;-1.000000;0.000000;,
0.000000;-1.000000;0.000000;,
0.000000;1.000000;0.000000;,
0.000000;1.000000;0.000000;,
0.000000;1.000000;0.000000;,
0.000000;1.000000;0.000000;,
0.000000;0.000000;-1.000000;,
0.000000;0.000000;-1.000000;,
0.000000;0.000000;-1.000000;,
0.000000;0.000000;-1.000000;,
1.000000;0.000000;0.000000;,
1.000000;0.000000;0.000000;,
1.000000;0.000000;0.000000;,
1.000000;0.000000;0.000000;,
0.000000;0.000000;1.000000;,
0.000000;0.000000;1.000000;,
0.000000;0.000000;1.000000;,
0.000000;0.000000;1.000000;,
-1.000000;0.000000;0.000000;,
-1.000000;0.000000;0.000000;,
-1.000000;0.000000;0.000000;,
-1.000000;0.000000;0.000000;;

140; // 140 faces 
3;0,1,2;,
3;1,0,3;,
3;4,5,6;,
3;5,4,7;,
3;8,9,10;,
3;9,8,11;,
3;12,13,14;,
3;13,12,15;,
3;16,17,18;,
3;17,16,19;,
3;20,17,21;,
3;17,20,18;,
3;19,22,17;,
3;17,22,21;,
3;23,24,25;,
3;23,25,26;,
3;24,27,25;,
3;25,27,26;,
3;28,29,30;,
3;29,28,31;,
3;32,29,33;,
3;29,32,30;,
3;31,34,29;,
3;29,34,33;,
3;35,36,37;,
3;36,35,38;,
3;39,36,40;,
3;36,39,37;,
3;38,41,36;,
3;36,41,40;,
3;42,43,44;,
3;43,42,45;,
3;46,43,47;,
3;43,46,44;,
3;45,48,43;,
3;43,48,47;,
3;49,50,51;,
3;50,49,52;,
3;53,50,54;,
3;50,53,51;,
3;52,55,50;,
3;50,55,54;,
3;56,57,58;,
3;56,58,59;,
3;57,60,58;,
3;58,60,59;,
3;61,62,63;,
3;61,63,64;,
3;62,65,63;,
3;63,65,64;,
3;66,67,68;,
3;66,68,69;,
3;67,70,68;,
3;68,70,69;,
3;71,72,73;,
3;71,73,74;,
3;72,75,73;,
3;73,75,74;,
3;76,77,78;,
3;76,78,79;,
3;77,80,78;,
3;78,80,79;,
3;81,82,83;,
3;81,83,84;,
3;82,85,83;,
3;83,85,84;,
3;86,87,88;,
3;87,86,89;,
3;90,91,92;,
3;91,90,93;,
3;94,89,95;,
3;89,94,87;,
3;96,93,97;,
3;93,96,91;,
3;98,99,100;,
3;99,98,101;,
3;102,103,104;,
3;103,102,105;,
3;106,107,108;,
3;107,106,109;,
3;110,111,112;,
3;111,110,113;,
3;114,115,116;,
3;115,114,117;,
3;118,119,120;,
3;119,118,121;,
3;122,123,124;,
3;123,122,125;,
3;126,127,128;,
3;127,126,129;,
3;130,131,132;,
3;131,130,133;,
3;134,135,136;,
3;135,134,137;,
3;138,139,140;,
3;139,138,141;,
3;142,143,144;,
3;143,142,145;,
3;146,138,140;,
3;138,146,147;,
3;148,142,144;,
3;142,148,149;,
3;150,151,152;,
3;151,150,153;,
3;154,155,156;,
3;155,154,157;,
3;49,51,158;,
3;51,53,158;,
3;16,18,159;,
3;18,20,159;,
3;28,30,160;,
3;30,32,160;,
3;35,37,161;,
3;37,39,161;,
3;42,44,162;,
3;44,46,162;,
3;163,108,164;,
3;108,163,106;,
3;165,112,166;,
3;112,165,110;,
3;167,124,168;,
3;124,167,122;,
3;169,129,170;,
3;129,169,127;,
3;171,3,172;,
3;3,171,1;,
3;173,7,174;,
3;7,173,5;,
3;175,176,177;,
3;176,175,178;,
3;179,180,181;,
3;180,179,182;,
3;183,184,185;,
3;184,183,186;,
3;187,188,189;,
3;188,187,190;,
3;191,192,193;,
3;192,191,194;,
3;195,196,197;,
3;196,195,198;;
}
MeshMaterialList {
 2; // Number of unique materials
 140; // Number of faces
0,0,0,0,0,0,0,0,0,0,0,0,0,0,0,0,0,0,0,0,0,0,0,0,0,0,0,0,0,0,0,0,0,0,0,0,0,0,0,0,0,0,0,0,0,0,0,0,0,0,0,0,0,0,0,0,0,0,0,0,0,0,0,0,0,0,0,0,0,0,0,0,0,0,0,0,0,0,0,0,0,0,0,0,0,0,0,0,0,0,0,0,0,0,0,0,0,0,0,0,0,0,0,0,0,0,0,0,0,0,0,0,0,0,0,0,0,0,0,0,0,0,0,0,0,0,0,0,1,1,1,1,1,1,1,1,1,1,1,1;;
Material {
0.380392;0.380392;0.380392;1.000000;;
131000.0;
0.900000;0.900000;0.900000;;
1.000000;0.000000;0.000000;;
TextureFilename {"model/04deco/v5/blockworld/05plants/02grass/Grass04.dds";}
}
Material {
1.000000;1.000000;1.000000;1.000000;;
0.0;
1.000000;1.000000;1.000000;;
0.000000;1.000000;1.000000;;
}
}// materials
MeshTextureCoords {
199; // 199 UV
0.207873;-0.171822;,
0.151635;-0.344755;,
0.151635;-0.171822;,
0.207873;-0.344755;,
0.207873;-0.171822;,
0.151635;-0.344755;,
0.151635;-0.171822;,
0.207873;-0.344755;,
0.374527;-0.010312;,
0.989718;-0.991192;,
0.374527;-0.991192;,
0.989718;-0.010312;,
0.374527;-0.010312;,
0.989718;-0.991192;,
0.374527;-0.991192;,
0.989718;-0.010312;,
0.014012;-0.362573;,
0.184618;-0.703330;,
0.179665;-0.378809;,
0.020945;-0.692470;,
0.351010;-0.378809;,
0.368622;-0.705094;,
0.183358;-1.015605;,
0.181510;0.002337;,
-0.030591;-0.536069;,
0.179665;-0.560510;,
0.442787;-0.540446;,
0.183749;-1.013262;,
0.014012;-0.362573;,
0.178320;-0.706400;,
0.179665;-0.378809;,
0.014936;-0.694397;,
0.351010;-0.378809;,
0.361100;-0.707630;,
0.183870;-1.015578;,
0.014012;-0.362573;,
0.174753;-0.700388;,
0.179665;-0.378809;,
0.011409;-0.686221;,
0.351010;-0.378809;,
0.359827;-0.701967;,
0.183763;-1.014172;,
0.014234;-0.372626;,
0.178774;-0.718508;,
0.183058;-0.388388;,
0.014650;-0.706499;,
0.353371;-0.388950;,
0.357688;-0.719322;,
0.183546;-1.015571;,
0.014012;-0.362573;,
0.179665;-0.742212;,
0.179665;-0.378809;,
0.014012;-0.731388;,
0.351010;-0.378809;,
0.351010;-0.742212;,
0.183395;-1.013241;,
0.177388;0.010822;,
-0.006749;-0.589551;,
0.193652;-0.597013;,
0.355530;-0.599914;,
0.184922;-1.024622;,
0.177309;0.037500;,
0.022336;-0.579460;,
0.177900;-0.594910;,
0.354687;-0.594331;,
0.184720;-1.023036;,
0.189940;0.006666;,
-0.009301;-0.591423;,
0.188270;-0.600324;,
0.350797;-0.602560;,
0.184753;-1.024892;,
0.178149;0.020255;,
0.021712;-0.577939;,
0.176926;-0.593878;,
0.354575;-0.593437;,
0.185274;-1.022800;,
0.161169;0.029969;,
0.022697;-0.571881;,
0.177732;-0.587739;,
0.354977;-0.587595;,
0.185539;-1.024753;,
0.181970;0.021663;,
0.022824;-0.564324;,
0.173719;-0.581628;,
0.353741;-0.580495;,
0.185451;-1.023291;,
0.207873;-0.701358;,
0.151635;-0.300930;,
0.151635;-0.701358;,
0.207873;-0.300930;,
0.207873;-0.701358;,
0.151635;-0.300930;,
0.151635;-0.701358;,
0.207873;-0.300930;,
0.151635;-0.171822;,
0.207873;-0.171822;,
0.151635;-0.171822;,
0.207873;-0.171822;,
0.374527;-0.010312;,
0.989718;-0.991192;,
0.989718;-0.010312;,
0.374527;-0.991192;,
0.374527;-0.010312;,
0.989718;-0.991192;,
0.989718;-0.010312;,
0.374527;-0.991192;,
0.207873;-0.344755;,
0.151635;-0.171822;,
0.151635;-0.344755;,
0.207873;-0.171822;,
0.207873;-0.344755;,
0.151635;-0.171822;,
0.151635;-0.344755;,
0.207873;-0.171822;,
0.374527;-0.010312;,
0.989718;-0.991192;,
0.989718;-0.010312;,
0.374527;-0.991192;,
0.374527;-0.010312;,
0.989718;-0.991192;,
0.989718;-0.010312;,
0.374527;-0.991192;,
0.207873;-0.344755;,
0.151635;-0.171822;,
0.151635;-0.344755;,
0.207873;-0.171822;,
0.207873;-0.171822;,
0.151635;-0.344755;,
0.151635;-0.171822;,
0.207873;-0.344755;,
0.374527;-0.010312;,
0.989718;-0.991192;,
0.989718;-0.010312;,
0.374527;-0.991192;,
0.374527;-0.010312;,
0.989718;-0.991192;,
0.374527;-0.991192;,
0.989718;-0.010312;,
0.207873;-0.300930;,
0.151635;-0.701358;,
0.151635;-0.300930;,
0.207873;-0.701358;,
0.207873;-0.300930;,
0.151635;-0.701358;,
0.151635;-0.300930;,
0.207873;-0.701358;,
0.151635;-0.171822;,
0.207873;-0.171822;,
0.151635;-0.171822;,
0.207873;-0.171822;,
0.374527;-0.010312;,
0.989718;-0.991192;,
0.374527;-0.991192;,
0.989718;-0.010312;,
0.374527;-0.010312;,
0.989718;-0.991192;,
0.989718;-0.010312;,
0.374527;-0.991192;,
0.174109;0.005579;,
0.173457;-0.000528;,
0.176973;0.014657;,
0.177986;0.015416;,
0.178896;0.006231;,
0.207873;-0.701358;,
0.151635;-0.701358;,
0.207873;-0.701358;,
0.151635;-0.701358;,
0.207873;-0.701358;,
0.151635;-0.701358;,
0.151635;-0.701358;,
0.207873;-0.701358;,
0.151635;-0.701358;,
0.207873;-0.701358;,
0.151635;-0.701358;,
0.207873;-0.701358;,
1.000000;-0.000000;,
0.000000;-1.000000;,
1.000000;-1.000000;,
0.000000;-0.000000;,
0.000000;-0.000000;,
1.000000;-1.000000;,
1.000000;-0.000000;,
0.000000;-1.000000;,
0.000000;-0.000000;,
1.000000;-1.000000;,
1.000000;-0.000000;,
0.000000;-1.000000;,
0.000000;-0.000000;,
1.000000;-1.000000;,
1.000000;-0.000000;,
0.000000;-1.000000;,
0.000000;-0.000000;,
1.000000;-1.000000;,
1.000000;-0.000000;,
0.000000;-1.000000;,
0.000000;-0.000000;,
1.000000;-1.000000;,
1.000000;-0.000000;,
0.000000;-1.000000;;
}// UV
}// mesh
