xof 0303txt 0032
// Exported by ParaEngine X file exporter V0.2
ParaXHeader header{
112,97,114,97;
1,0,0,0;
1;
0;
-0.500000;-0.500000;-0.499014;;
0.500000;0.500000;0.500986;;
3;
}
Mesh mesh_object{
60; // 60 vertices 
-0.500000;-0.500000;-0.499014;,
-0.000000;0.500000;-0.499014;,
-0.000000;-0.002593;-0.499014;,
-0.500000;0.500000;-0.499014;,
0.500000;-0.500000;-0.499014;,
-0.500000;-0.500000;-0.499014;,
0.500000;-0.251296;-0.499014;,
0.500000;-0.251296;-0.499014;,
0.500000;-0.002593;0.500986;,
0.500000;-0.251296;0.500986;,
0.500000;-0.002593;-0.499014;,
0.500000;-0.002593;-0.499014;,
-0.000000;-0.002593;0.000986;,
0.500000;-0.002593;0.500986;,
-0.000000;-0.002593;-0.499014;,
-0.000000;0.500000;-0.499014;,
-0.000000;-0.002593;0.000986;,
-0.000000;-0.002593;-0.499014;,
-0.000000;0.500000;0.000986;,
-0.500000;-0.250000;0.500986;,
-0.500000;0.000000;0.000986;,
-0.500000;-0.500000;-0.499014;,
-0.500000;-0.000000;0.500986;,
0.500000;-0.002593;0.500986;,
-0.500000;-0.250000;0.500986;,
0.500000;-0.251296;0.500986;,
-0.500000;-0.000000;0.500986;,
-0.500000;-0.000000;0.500986;,
-0.000000;-0.002593;0.000986;,
-0.500000;0.000000;0.000986;,
0.500000;-0.002593;0.500986;,
-0.500000;0.500000;0.000986;,
-0.000000;-0.002593;0.000986;,
-0.000000;0.500000;0.000986;,
-0.500000;0.000000;0.000986;,
-0.500000;0.500000;-0.499014;,
-0.000000;0.500000;0.000986;,
-0.000000;0.500000;-0.499014;,
-0.500000;0.500000;0.000986;,
0.500000;-0.500000;0.500986;,
-0.500000;-0.500000;-0.499014;,
0.500000;-0.500000;-0.499014;,
-0.500000;-0.500000;0.500986;,
-0.500000;0.500000;-0.499014;,
-0.500000;0.000000;0.000986;,
-0.500000;0.500000;0.000986;,
-0.500000;-0.500000;-0.499014;,
0.500000;-0.500000;-0.499014;,
0.500000;-0.500000;0.500986;,
0.500000;-0.500000;0.500986;,
-0.500000;-0.250000;0.500986;,
-0.500000;-0.500000;0.500986;,
0.500000;-0.251296;0.500986;,
0.500000;-0.251296;-0.499014;,
-0.000000;-0.002593;-0.499014;,
0.500000;-0.002593;-0.499014;,
-0.500000;-0.500000;-0.499014;,
-0.500000;-0.250000;0.500986;,
-0.500000;-0.500000;-0.499014;,
-0.500000;-0.500000;0.500986;;

30; // 30 faces 
3;0,1,2;,
3;1,0,3;,
3;4,5,6;,
3;7,8,9;,
3;8,7,10;,
3;11,12,13;,
3;12,11,14;,
3;15,16,17;,
3;16,15,18;,
3;19,20,21;,
3;20,19,22;,
3;23,24,25;,
3;24,23,26;,
3;27,28,29;,
3;28,27,30;,
3;31,32,33;,
3;32,31,34;,
3;35,36,37;,
3;36,35,38;,
3;39,40,41;,
3;40,39,42;,
3;43,44,45;,
3;44,43,46;,
3;47,9,48;,
3;9,47,7;,
3;49,50,51;,
3;50,49,52;,
3;53,54,55;,
3;54,53,56;,
3;57,58,59;;

MeshNormals {
60; // 60 normals 
0.000000;-0.000000;-1.000000;,
0.000000;-0.000000;-1.000000;,
0.000000;-0.000000;-1.000000;,
0.000000;-0.000000;-1.000000;,
0.000000;0.000000;-1.000000;,
0.000000;0.000000;-1.000000;,
0.000000;0.000000;-1.000000;,
1.000000;0.000000;-0.000000;,
1.000000;0.000000;-0.000000;,
1.000000;0.000000;-0.000000;,
1.000000;0.000000;-0.000000;,
0.000000;1.000000;0.000000;,
0.000000;1.000000;0.000000;,
0.000000;1.000000;0.000000;,
0.000000;1.000000;0.000000;,
1.000000;-0.000000;-0.000000;,
1.000000;-0.000000;-0.000000;,
1.000000;-0.000000;-0.000000;,
1.000000;-0.000000;-0.000000;,
-1.000000;-0.000000;0.000000;,
-1.000000;-0.000000;0.000000;,
-1.000000;-0.000000;0.000000;,
-1.000000;-0.000000;0.000000;,
0.000000;0.000000;1.000000;,
0.000000;0.000000;1.000000;,
0.000000;0.000000;1.000000;,
0.000000;0.000000;1.000000;,
0.001054;0.999999;-0.000527;,
0.001054;0.999999;-0.000527;,
0.001054;0.999999;-0.000527;,
0.001054;0.999999;-0.000527;,
0.000000;0.000000;1.000000;,
0.000000;0.000000;1.000000;,
0.000000;0.000000;1.000000;,
0.000000;0.000000;1.000000;,
0.000000;1.000000;0.000000;,
0.000000;1.000000;0.000000;,
0.000000;1.000000;0.000000;,
0.000000;1.000000;0.000000;,
0.000000;-1.000000;-0.000000;,
0.000000;-1.000000;-0.000000;,
0.000000;-1.000000;-0.000000;,
0.000000;-1.000000;-0.000000;,
-1.000000;0.000000;0.000000;,
-1.000000;0.000000;0.000000;,
-1.000000;0.000000;0.000000;,
-1.000000;0.000000;0.000000;,
1.000000;0.000000;-0.000000;,
1.000000;0.000000;-0.000000;,
0.000000;0.000000;1.000000;,
0.000000;0.000000;1.000000;,
0.000000;0.000000;1.000000;,
0.000000;0.000000;1.000000;,
0.000000;0.000000;-1.000000;,
0.000000;0.000000;-1.000000;,
0.000000;0.000000;-1.000000;,
0.000000;0.000000;-1.000000;,
-1.000000;-0.000000;0.000000;,
-1.000000;-0.000000;0.000000;,
-1.000000;-0.000000;0.000000;;

30; // 30 faces 
3;0,1,2;,
3;1,0,3;,
3;4,5,6;,
3;7,8,9;,
3;8,7,10;,
3;11,12,13;,
3;12,11,14;,
3;15,16,17;,
3;16,15,18;,
3;19,20,21;,
3;20,19,22;,
3;23,24,25;,
3;24,23,26;,
3;27,28,29;,
3;28,27,30;,
3;31,32,33;,
3;32,31,34;,
3;35,36,37;,
3;36,35,38;,
3;39,40,41;,
3;40,39,42;,
3;43,44,45;,
3;44,43,46;,
3;47,9,48;,
3;9,47,7;,
3;49,50,51;,
3;50,49,52;,
3;53,54,55;,
3;54,53,56;,
3;57,58,59;;
}
MeshMaterialList {
 1; // Number of unique materials
 30; // Number of faces
0,0,0,0,0,0,0,0,0,0,0,0,0,0,0,0,0,0,0,0,0,0,0,0,0,0,0,0,0,0;;
Material {
0.588000;0.588000;0.588000;1.000000;;
0.0;
0.900000;0.900000;0.900000;;
1.000000;0.000000;0.000000;;
TextureFilename {"Texture/blocks/planks_oak.png;2";}
}
}// materials
MeshTextureCoords {
60; // 60 UV
0.002000;-0.002000;,
0.502174;-0.998000;,
0.502174;-0.500000;,
0.002000;-0.998000;,
0.998000;-0.002000;,
0.002000;-0.002000;,
0.998000;-0.251000;,
0.998000;-0.251751;,
0.002000;-0.998000;,
0.002000;-0.251751;,
0.998000;-0.998000;,
0.998000;-0.998000;,
0.507296;-0.500000;,
0.002000;-0.998000;,
0.998000;-0.500000;,
0.998000;-0.002000;,
0.507540;-0.750000;,
0.998000;-0.750000;,
0.507540;-0.002000;,
0.002000;-0.251000;,
0.502174;-0.500000;,
0.998000;-0.002000;,
0.002000;-0.500000;,
0.002000;-0.998000;,
0.998000;-0.251751;,
0.002000;-0.251751;,
0.998000;-0.998000;,
0.998000;-0.998000;,
0.507296;-0.500000;,
0.998000;-0.500000;,
0.002000;-0.998000;,
0.998000;-0.002000;,
0.507540;-0.750000;,
0.507540;-0.002000;,
0.998000;-0.750000;,
0.998000;-0.998000;,
0.507540;-0.002000;,
0.998000;-0.002000;,
0.998000;-0.002000;,
0.002000;-0.002000;,
0.998000;-0.998000;,
0.998000;-0.002000;,
0.998000;-0.002000;,
0.998000;-0.998000;,
0.502174;-0.500000;,
0.502174;-0.998000;,
0.998000;-0.002000;,
0.998000;-0.002000;,
0.002000;-0.002000;,
0.002000;-0.002000;,
0.998000;-0.251751;,
0.998000;-0.002000;,
0.002000;-0.251751;,
0.998000;-0.251000;,
0.502174;-0.500000;,
0.998000;-0.500000;,
0.002000;-0.002000;,
0.002000;-0.251000;,
0.998000;-0.002000;,
0.002000;-0.002000;;
}// UV
}// mesh
