xof 0303txt 0032
// Exported by ParaEngine X file exporter V0.2
ParaXHeader header{
112,97,114,97;
1,0,0,0;
1;
0;
-0.250000;-0.250371;-0.031359;;
0.250000;0.249732;0.031356;;
3;
}
Mesh mesh_object{
136; // 136 vertices 
0.250000;0.249732;0.031250;,
-0.250000;0.249732;-0.031250;,
-0.250000;0.249732;0.031250;,
0.250000;0.249732;-0.031250;,
0.250000;0.187232;0.031250;,
-0.250000;0.187232;-0.031250;,
-0.250000;0.187232;0.031250;,
0.250000;0.187232;-0.031250;,
0.250000;0.124732;0.031250;,
-0.250000;0.124732;-0.031250;,
-0.250000;0.124732;0.031250;,
0.250000;0.124732;-0.031250;,
0.250000;0.062232;0.031250;,
-0.250000;0.062232;-0.031250;,
-0.250000;0.062232;0.031250;,
0.250000;0.062232;-0.031250;,
0.250000;-0.000268;0.031250;,
-0.250000;-0.000268;-0.031250;,
-0.250000;-0.000268;0.031250;,
0.250000;-0.000268;-0.031250;,
0.250000;-0.062768;0.031250;,
-0.250000;-0.062768;-0.031250;,
-0.250000;-0.062768;0.031250;,
0.250000;-0.062768;-0.031250;,
0.250000;-0.125268;0.031250;,
-0.250000;-0.125268;-0.031250;,
-0.250000;-0.125268;0.031250;,
0.250000;-0.125268;-0.031250;,
0.250000;-0.187768;0.031250;,
-0.250000;-0.187768;-0.031250;,
-0.250000;-0.187768;0.031250;,
0.250000;-0.187768;-0.031250;,
-0.250000;-0.250358;0.031356;,
0.250000;0.249642;0.031356;,
-0.250000;0.249642;0.031356;,
0.250000;-0.250358;0.031356;,
-0.250000;-0.250371;0.031250;,
0.250000;-0.250371;-0.031250;,
0.250000;-0.250371;0.031250;,
-0.250000;-0.250371;-0.031250;,
-0.250000;-0.187871;0.031250;,
0.250000;-0.187871;-0.031250;,
0.250000;-0.187871;0.031250;,
-0.250000;-0.187871;-0.031250;,
-0.250000;-0.125371;0.031250;,
0.250000;-0.125371;-0.031250;,
0.250000;-0.125371;0.031250;,
-0.250000;-0.125371;-0.031250;,
-0.250000;-0.062871;0.031250;,
0.250000;-0.062871;-0.031250;,
0.250000;-0.062871;0.031250;,
-0.250000;-0.062871;-0.031250;,
-0.250000;-0.000371;0.031250;,
0.250000;-0.000371;-0.031250;,
0.250000;-0.000371;0.031250;,
-0.250000;-0.000371;-0.031250;,
-0.250000;0.062129;0.031250;,
0.250000;0.062129;-0.031250;,
0.250000;0.062129;0.031250;,
-0.250000;0.062129;-0.031250;,
-0.250000;0.124629;0.031250;,
0.250000;0.124629;-0.031250;,
0.250000;0.124629;0.031250;,
-0.250000;0.124629;-0.031250;,
-0.250000;0.187129;0.031250;,
0.250000;0.187129;-0.031250;,
0.250000;0.187129;0.031250;,
-0.250000;0.187129;-0.031250;,
-0.249997;0.249642;0.031250;,
-0.249997;-0.250358;-0.031250;,
-0.249997;-0.250358;0.031250;,
-0.249997;0.249642;-0.031250;,
-0.187497;0.249642;0.031250;,
-0.187497;-0.250358;-0.031250;,
-0.187497;-0.250358;0.031250;,
-0.187497;0.249642;-0.031250;,
-0.124997;0.249642;0.031250;,
-0.124997;-0.250358;-0.031250;,
-0.124997;-0.250358;0.031250;,
-0.124997;0.249642;-0.031250;,
-0.062497;0.249642;0.031250;,
-0.062497;-0.250358;-0.031250;,
-0.062497;-0.250358;0.031250;,
-0.062497;0.249642;-0.031250;,
0.000003;0.249642;0.031250;,
0.000003;-0.250358;-0.031250;,
0.000003;-0.250358;0.031250;,
0.000003;0.249642;-0.031250;,
0.062503;0.249642;0.031250;,
0.062503;-0.250358;-0.031250;,
0.062503;-0.250358;0.031250;,
0.062503;0.249642;-0.031250;,
0.125003;0.249642;0.031250;,
0.125003;-0.250358;-0.031250;,
0.125003;-0.250358;0.031250;,
0.125003;0.249642;-0.031250;,
0.187503;0.249641;0.031250;,
0.187503;-0.250359;-0.031250;,
0.187503;-0.250359;0.031250;,
0.187503;0.249641;-0.031250;,
0.249997;-0.250358;0.031250;,
0.249997;0.249642;-0.031250;,
0.249997;0.249642;0.031250;,
0.249997;-0.250358;-0.031250;,
0.187497;-0.250358;0.031250;,
0.187497;0.249642;-0.031250;,
0.187497;0.249642;0.031250;,
0.187497;-0.250358;-0.031250;,
0.124997;-0.250358;0.031250;,
0.124997;0.249642;-0.031250;,
0.124997;0.249642;0.031250;,
0.124997;-0.250358;-0.031250;,
0.062497;-0.250358;0.031250;,
0.062497;0.249642;-0.031250;,
0.062497;0.249642;0.031250;,
0.062497;-0.250358;-0.031250;,
-0.000003;-0.250358;0.031250;,
-0.000003;0.249642;-0.031250;,
-0.000003;0.249642;0.031250;,
-0.000003;-0.250358;-0.031250;,
-0.062503;-0.250358;0.031250;,
-0.062503;0.249642;-0.031250;,
-0.062503;0.249642;0.031250;,
-0.062503;-0.250358;-0.031250;,
-0.125003;-0.250358;0.031250;,
-0.125003;0.249642;-0.031250;,
-0.125003;0.249642;0.031250;,
-0.125003;-0.250358;-0.031250;,
-0.187503;-0.250358;0.031250;,
-0.187503;0.249642;-0.031250;,
-0.187503;0.249642;0.031250;,
-0.187503;-0.250358;-0.031250;,
-0.250000;-0.250358;-0.031359;,
0.250000;0.249642;-0.031359;,
0.250000;-0.250358;-0.031359;,
-0.250000;0.249642;-0.031359;;

68; // 68 faces 
3;0,1,2;,
3;1,0,3;,
3;4,5,6;,
3;5,4,7;,
3;8,9,10;,
3;9,8,11;,
3;12,13,14;,
3;13,12,15;,
3;16,17,18;,
3;17,16,19;,
3;20,21,22;,
3;21,20,23;,
3;24,25,26;,
3;25,24,27;,
3;28,29,30;,
3;29,28,31;,
3;32,33,34;,
3;33,32,35;,
3;36,37,38;,
3;37,36,39;,
3;40,41,42;,
3;41,40,43;,
3;44,45,46;,
3;45,44,47;,
3;48,49,50;,
3;49,48,51;,
3;52,53,54;,
3;53,52,55;,
3;56,57,58;,
3;57,56,59;,
3;60,61,62;,
3;61,60,63;,
3;64,65,66;,
3;65,64,67;,
3;68,69,70;,
3;69,68,71;,
3;72,73,74;,
3;73,72,75;,
3;76,77,78;,
3;77,76,79;,
3;80,81,82;,
3;81,80,83;,
3;84,85,86;,
3;85,84,87;,
3;88,89,90;,
3;89,88,91;,
3;92,93,94;,
3;93,92,95;,
3;96,97,98;,
3;97,96,99;,
3;100,101,102;,
3;101,100,103;,
3;104,105,106;,
3;105,104,107;,
3;108,109,110;,
3;109,108,111;,
3;112,113,114;,
3;113,112,115;,
3;116,117,118;,
3;117,116,119;,
3;120,121,122;,
3;121,120,123;,
3;124,125,126;,
3;125,124,127;,
3;128,129,130;,
3;129,128,131;,
3;132,133,134;,
3;133,132,135;;

MeshNormals {
136; // 136 normals 
0.000000;1.000000;0.000000;,
0.000000;1.000000;0.000000;,
0.000000;1.000000;0.000000;,
0.000000;1.000000;0.000000;,
0.000000;1.000000;0.000000;,
0.000000;1.000000;0.000000;,
0.000000;1.000000;0.000000;,
0.000000;1.000000;0.000000;,
0.000000;1.000000;0.000000;,
0.000000;1.000000;0.000000;,
0.000000;1.000000;0.000000;,
0.000000;1.000000;0.000000;,
0.000000;1.000000;0.000000;,
0.000000;1.000000;0.000000;,
0.000000;1.000000;0.000000;,
0.000000;1.000000;0.000000;,
0.000000;1.000000;0.000000;,
0.000000;1.000000;0.000000;,
0.000000;1.000000;0.000000;,
0.000000;1.000000;0.000000;,
0.000000;1.000000;0.000000;,
0.000000;1.000000;0.000000;,
0.000000;1.000000;0.000000;,
0.000000;1.000000;0.000000;,
0.000000;1.000000;0.000000;,
0.000000;1.000000;0.000000;,
0.000000;1.000000;0.000000;,
0.000000;1.000000;0.000000;,
0.000000;1.000000;0.000000;,
0.000000;1.000000;0.000000;,
0.000000;1.000000;0.000000;,
0.000000;1.000000;0.000000;,
-0.000000;0.000000;1.000000;,
-0.000000;0.000000;1.000000;,
-0.000000;0.000000;1.000000;,
-0.000000;0.000000;1.000000;,
-0.000000;-1.000000;0.000000;,
-0.000000;-1.000000;0.000000;,
-0.000000;-1.000000;0.000000;,
-0.000000;-1.000000;0.000000;,
-0.000000;-1.000000;0.000000;,
-0.000000;-1.000000;0.000000;,
-0.000000;-1.000000;0.000000;,
-0.000000;-1.000000;0.000000;,
-0.000000;-1.000000;0.000000;,
-0.000000;-1.000000;0.000000;,
-0.000000;-1.000000;0.000000;,
-0.000000;-1.000000;0.000000;,
-0.000000;-1.000000;0.000000;,
-0.000000;-1.000000;0.000000;,
-0.000000;-1.000000;0.000000;,
-0.000000;-1.000000;0.000000;,
-0.000000;-1.000000;0.000000;,
-0.000000;-1.000000;0.000000;,
-0.000000;-1.000000;0.000000;,
-0.000000;-1.000000;0.000000;,
-0.000000;-1.000000;0.000000;,
-0.000000;-1.000000;0.000000;,
-0.000000;-1.000000;0.000000;,
-0.000000;-1.000000;0.000000;,
-0.000000;-1.000000;0.000000;,
-0.000000;-1.000000;0.000000;,
-0.000000;-1.000000;0.000000;,
-0.000000;-1.000000;0.000000;,
-0.000000;-1.000000;0.000000;,
-0.000000;-1.000000;0.000000;,
-0.000000;-1.000000;0.000000;,
-0.000000;-1.000000;0.000000;,
-1.000000;0.000000;0.000000;,
-1.000000;0.000000;0.000000;,
-1.000000;0.000000;0.000000;,
-1.000000;0.000000;0.000000;,
-1.000000;0.000000;0.000000;,
-1.000000;0.000000;0.000000;,
-1.000000;0.000000;0.000000;,
-1.000000;0.000000;0.000000;,
-1.000000;0.000000;0.000000;,
-1.000000;0.000000;0.000000;,
-1.000000;0.000000;0.000000;,
-1.000000;0.000000;0.000000;,
-1.000000;0.000000;0.000000;,
-1.000000;0.000000;0.000000;,
-1.000000;0.000000;0.000000;,
-1.000000;0.000000;0.000000;,
-1.000000;0.000000;0.000000;,
-1.000000;0.000000;0.000000;,
-1.000000;0.000000;0.000000;,
-1.000000;0.000000;0.000000;,
-1.000000;0.000000;0.000000;,
-1.000000;0.000000;0.000000;,
-1.000000;0.000000;0.000000;,
-1.000000;0.000000;0.000000;,
-1.000000;0.000000;0.000000;,
-1.000000;0.000000;0.000000;,
-1.000000;0.000000;0.000000;,
-1.000000;0.000000;0.000000;,
-1.000000;0.000000;0.000000;,
-1.000000;0.000000;0.000000;,
-1.000000;0.000000;0.000000;,
-1.000000;0.000000;0.000000;,
1.000000;-0.000000;-0.000000;,
1.000000;-0.000000;-0.000000;,
1.000000;-0.000000;-0.000000;,
1.000000;-0.000000;-0.000000;,
1.000000;-0.000000;-0.000000;,
1.000000;-0.000000;-0.000000;,
1.000000;-0.000000;-0.000000;,
1.000000;-0.000000;-0.000000;,
1.000000;-0.000000;-0.000000;,
1.000000;-0.000000;-0.000000;,
1.000000;-0.000000;-0.000000;,
1.000000;-0.000000;-0.000000;,
1.000000;-0.000000;-0.000000;,
1.000000;-0.000000;-0.000000;,
1.000000;-0.000000;-0.000000;,
1.000000;-0.000000;-0.000000;,
1.000000;-0.000000;-0.000000;,
1.000000;-0.000000;-0.000000;,
1.000000;-0.000000;-0.000000;,
1.000000;-0.000000;-0.000000;,
1.000000;-0.000000;-0.000000;,
1.000000;-0.000000;-0.000000;,
1.000000;-0.000000;-0.000000;,
1.000000;-0.000000;-0.000000;,
1.000000;-0.000000;-0.000000;,
1.000000;-0.000000;-0.000000;,
1.000000;-0.000000;-0.000000;,
1.000000;-0.000000;-0.000000;,
1.000000;-0.000000;-0.000000;,
1.000000;-0.000000;-0.000000;,
1.000000;-0.000000;-0.000000;,
1.000000;-0.000000;-0.000000;,
-0.000000;0.000000;-1.000000;,
-0.000000;0.000000;-1.000000;,
-0.000000;0.000000;-1.000000;,
-0.000000;0.000000;-1.000000;;

68; // 68 faces 
3;0,1,2;,
3;1,0,3;,
3;4,5,6;,
3;5,4,7;,
3;8,9,10;,
3;9,8,11;,
3;12,13,14;,
3;13,12,15;,
3;16,17,18;,
3;17,16,19;,
3;20,21,22;,
3;21,20,23;,
3;24,25,26;,
3;25,24,27;,
3;28,29,30;,
3;29,28,31;,
3;32,33,34;,
3;33,32,35;,
3;36,37,38;,
3;37,36,39;,
3;40,41,42;,
3;41,40,43;,
3;44,45,46;,
3;45,44,47;,
3;48,49,50;,
3;49,48,51;,
3;52,53,54;,
3;53,52,55;,
3;56,57,58;,
3;57,56,59;,
3;60,61,62;,
3;61,60,63;,
3;64,65,66;,
3;65,64,67;,
3;68,69,70;,
3;69,68,71;,
3;72,73,74;,
3;73,72,75;,
3;76,77,78;,
3;77,76,79;,
3;80,81,82;,
3;81,80,83;,
3;84,85,86;,
3;85,84,87;,
3;88,89,90;,
3;89,88,91;,
3;92,93,94;,
3;93,92,95;,
3;96,97,98;,
3;97,96,99;,
3;100,101,102;,
3;101,100,103;,
3;104,105,106;,
3;105,104,107;,
3;108,109,110;,
3;109,108,111;,
3;112,113,114;,
3;113,112,115;,
3;116,117,118;,
3;117,116,119;,
3;120,121,122;,
3;121,120,123;,
3;124,125,126;,
3;125,124,127;,
3;128,129,130;,
3;129,128,131;,
3;132,133,134;,
3;133,132,135;;
}
MeshMaterialList {
 1; // Number of unique materials
 68; // Number of faces
0,0,0,0,0,0,0,0,0,0,0,0,0,0,0,0,0,0,0,0,0,0,0,0,0,0,0,0,0,0,0,0,0,0,0,0,0,0,0,0,0,0,0,0,0,0,0,0,0,0,0,0,0,0,0,0,0,0,0,0,0,0,0,0,0,0,0,0;;
Material {
0.588000;0.588000;0.588000;1.000000;;
3000.0;
0.900000;0.900000;0.900000;;
1.000000;0.000000;0.000000;;
TextureFilename {"Texture/blocks/items/grassdirt2.png;2";}
}
}// materials
MeshTextureCoords {
136; // 136 UV
0.000000;-0.975046;,
1.000000;-0.975046;,
1.000000;-0.975046;,
0.000000;-0.975046;,
0.000000;-0.850046;,
1.000000;-0.850046;,
1.000000;-0.850046;,
0.000000;-0.850046;,
0.000000;-0.725046;,
1.000000;-0.725046;,
1.000000;-0.725046;,
0.000000;-0.725046;,
0.000000;-0.600046;,
1.000000;-0.600046;,
1.000000;-0.600046;,
0.000000;-0.600046;,
0.000000;-0.475046;,
1.000000;-0.475046;,
1.000000;-0.475046;,
0.000000;-0.475046;,
0.000000;-0.350046;,
1.000000;-0.350046;,
1.000000;-0.350046;,
0.000000;-0.350046;,
0.000000;-0.225046;,
1.000000;-0.225046;,
1.000000;-0.225046;,
0.000000;-0.225046;,
0.000000;-0.100046;,
1.000000;-0.100046;,
1.000000;-0.100046;,
0.000000;-0.100046;,
1.000000;-0.000000;,
0.000000;-1.000000;,
1.000000;-1.000000;,
0.000000;-0.000000;,
1.000000;-0.024465;,
0.000000;-0.024465;,
0.000000;-0.024465;,
1.000000;-0.024465;,
1.000000;-0.149465;,
0.000000;-0.149465;,
0.000000;-0.149465;,
1.000000;-0.149465;,
1.000000;-0.274465;,
0.000000;-0.274465;,
0.000000;-0.274465;,
1.000000;-0.274465;,
1.000000;-0.399465;,
0.000000;-0.399465;,
0.000000;-0.399465;,
1.000000;-0.399465;,
1.000000;-0.524465;,
0.000000;-0.524465;,
0.000000;-0.524465;,
1.000000;-0.524465;,
1.000000;-0.649465;,
0.000000;-0.649465;,
0.000000;-0.649465;,
1.000000;-0.649465;,
1.000000;-0.774465;,
0.000000;-0.774465;,
0.000000;-0.774465;,
1.000000;-0.774465;,
1.000000;-0.899465;,
0.000000;-0.899465;,
0.000000;-0.899465;,
1.000000;-0.899465;,
0.091053;-0.000000;,
0.091053;-1.000000;,
0.091053;-1.000000;,
0.091053;-0.000000;,
0.216053;-0.000000;,
0.216053;-1.000000;,
0.216053;-1.000000;,
0.216053;-0.000000;,
0.341053;-0.000000;,
0.341053;-1.000000;,
0.341053;-1.000000;,
0.341053;-0.000000;,
0.466053;-0.000000;,
0.466053;-1.000000;,
0.466053;-1.000000;,
0.466053;-0.000000;,
0.591053;-0.000000;,
0.591053;-1.000000;,
0.591053;-1.000000;,
0.591053;-0.000000;,
0.716053;-0.000000;,
0.716053;-1.000000;,
0.716053;-1.000000;,
0.716053;-0.000000;,
0.841053;-0.000000;,
0.841053;-1.000000;,
0.841053;-1.000000;,
0.841053;-0.000000;,
0.966053;-0.000000;,
0.966053;-1.000000;,
0.966053;-1.000000;,
0.966053;-0.000000;,
0.034115;-0.000000;,
0.034115;-1.000000;,
0.034115;-1.000000;,
0.034115;-0.000000;,
0.159115;-0.000000;,
0.159115;-1.000000;,
0.159115;-1.000000;,
0.159115;-0.000000;,
0.284115;-0.000000;,
0.284115;-1.000000;,
0.284115;-1.000000;,
0.284115;-0.000000;,
0.409115;-0.000000;,
0.409115;-1.000000;,
0.409115;-1.000000;,
0.409115;-0.000000;,
0.534115;-0.000000;,
0.534115;-1.000000;,
0.534115;-1.000000;,
0.534115;-0.000000;,
0.659115;-0.000000;,
0.659115;-1.000000;,
0.659115;-1.000000;,
0.659115;-0.000000;,
0.784115;-0.000000;,
0.784115;-1.000000;,
0.784115;-1.000000;,
0.784115;-0.000000;,
0.909115;-0.000000;,
0.909115;-1.000000;,
0.909115;-1.000000;,
0.909115;-0.000000;,
1.000000;-0.000000;,
0.000000;-1.000000;,
0.000000;-0.000000;,
1.000000;-1.000000;;
}// UV
}// mesh
