xof 0303txt 0032
// Exported by ParaEngine X file exporter V0.2
ParaXHeader header{
112,97,114,97;
1,0,0,0;
1;
0;
-0.500000;-0.500000;-0.500000;;
0.500000;0.500000;0.500000;;
3;
}
Mesh mesh_object{
36; // 36 vertices 
-0.000000;0.500000;0.500000;,
-0.500000;-0.500000;0.500000;,
-0.000000;-0.002593;0.500000;,
-0.500000;0.500000;0.500000;,
-0.500000;-0.500000;-0.500000;,
-0.000000;0.500000;-0.500000;,
-0.000000;-0.002593;-0.500000;,
-0.500000;0.500000;-0.500000;,
-0.000000;-0.002593;0.500000;,
-0.000000;0.500000;-0.500000;,
-0.000000;0.500000;0.500000;,
-0.000000;-0.002593;-0.500000;,
-0.000000;0.500000;0.500000;,
-0.500000;0.500000;-0.500000;,
-0.500000;0.500000;0.500000;,
-0.000000;0.500000;-0.500000;,
-0.500000;0.500000;0.500000;,
-0.500000;-0.500000;-0.500000;,
-0.500000;-0.500000;0.500000;,
-0.500000;0.500000;-0.500000;,
0.500000;-0.500000;-0.500000;,
0.500000;-0.002593;-0.500000;,
0.500000;-0.002593;0.500000;,
0.500000;-0.500000;0.500000;,
0.500000;-0.500000;-0.500000;,
-0.500000;-0.500000;0.500000;,
-0.500000;-0.500000;-0.500000;,
0.500000;-0.500000;0.500000;,
0.500000;-0.002593;-0.500000;,
0.500000;-0.500000;0.500000;,
0.500000;-0.500000;-0.500000;,
0.500000;-0.002593;0.500000;,
0.500000;-0.002593;-0.500000;,
-0.000000;-0.002593;0.500000;,
0.500000;-0.002593;0.500000;,
-0.000000;-0.002593;-0.500000;;

20; // 20 faces 
3;0,1,2;,
3;1,0,3;,
3;4,5,6;,
3;5,4,7;,
3;8,9,10;,
3;9,8,11;,
3;12,13,14;,
3;13,12,15;,
3;16,17,18;,
3;17,16,19;,
3;20,6,21;,
3;6,20,4;,
3;1,22,2;,
3;22,1,23;,
3;24,25,26;,
3;25,24,27;,
3;28,29,30;,
3;29,28,31;,
3;32,33,34;,
3;33,32,35;;

MeshNormals {
36; // 36 normals 
0.000000;0.000000;1.000000;,
0.000000;0.000000;1.000000;,
0.000000;0.000000;1.000000;,
0.000000;0.000000;1.000000;,
0.000000;-0.000000;-1.000000;,
-0.000000;-0.000000;-1.000000;,
-0.000000;-0.000000;-1.000000;,
0.000000;-0.000000;-1.000000;,
1.000000;0.000000;-0.000000;,
1.000000;-0.000000;-0.000000;,
1.000000;0.000000;0.000000;,
1.000000;-0.000000;-0.000000;,
0.000000;1.000000;0.000000;,
0.000000;1.000000;0.000000;,
0.000000;1.000000;0.000000;,
0.000000;1.000000;0.000000;,
-1.000000;-0.000000;0.000000;,
-1.000000;0.000000;0.000000;,
-1.000000;-0.000000;0.000000;,
-1.000000;0.000000;0.000000;,
-0.000000;-0.000000;-1.000000;,
0.000000;0.000000;-1.000000;,
0.000000;0.000000;1.000000;,
0.000000;0.000000;1.000000;,
0.000000;-1.000000;-0.000000;,
0.000000;-1.000000;-0.000000;,
0.000000;-1.000000;-0.000000;,
-0.000000;-1.000000;-0.000000;,
1.000000;0.000000;-0.000000;,
1.000000;0.000000;-0.000000;,
1.000000;0.000000;-0.000000;,
1.000000;0.000000;-0.000000;,
0.000000;1.000000;0.000000;,
0.000000;1.000000;0.000000;,
0.000000;1.000000;0.000000;,
0.000000;1.000000;0.000000;;

20; // 20 faces 
3;0,1,2;,
3;1,0,3;,
3;4,5,6;,
3;5,4,7;,
3;8,9,10;,
3;9,8,11;,
3;12,13,14;,
3;13,12,15;,
3;16,17,18;,
3;17,16,19;,
3;20,6,21;,
3;6,20,4;,
3;1,22,2;,
3;22,1,23;,
3;24,25,26;,
3;25,24,27;,
3;28,29,30;,
3;29,28,31;,
3;32,33,34;,
3;33,32,35;;
}
MeshMaterialList {
 1; // Number of unique materials
 20; // Number of faces
0,0,0,0,0,0,0,0,0,0,0,0,0,0,0,0,0,0,0,0;;
Material {
0.588000;0.588000;0.588000;1.000000;;
0.0;
0.900000;0.900000;0.900000;;
1.000000;0.000000;0.000000;;
TextureFilename {"Texture/blocks/sandstone_normal.png";}
}
}// materials
MeshTextureCoords {
36; // 36 UV
0.500000;-0.031488;,
0.080252;-0.870985;,
0.500000;-0.453413;,
0.080252;-0.031488;,
0.919748;-0.870985;,
0.500000;-0.031488;,
0.500000;-0.453413;,
0.919748;-0.031488;,
0.011734;-0.822638;,
0.988266;-0.392149;,
0.011734;-0.392149;,
0.988266;-0.822638;,
0.011734;-0.392149;,
0.988266;0.051126;,
0.011734;0.051125;,
0.988266;-0.392149;,
0.080252;-0.031488;,
0.919748;-0.870985;,
0.080252;-0.870985;,
0.919748;-0.031488;,
0.080252;-0.870985;,
0.080252;-0.453413;,
0.919748;-0.453413;,
0.919748;-0.870985;,
1.019776;-0.849465;,
-0.019776;0.165755;,
1.019775;0.165756;,
-0.019775;-0.849465;,
1.012679;-0.400372;,
-0.012679;-0.872311;,
1.012679;-0.872311;,
-0.012679;-0.400372;,
1.012679;-0.400372;,
-0.012679;0.063534;,
-0.012679;-0.400372;,
1.012679;0.063534;;
}// UV
}// mesh
