xof 0303txt 0032
// Exported by ParaEngine X file exporter V0.2
ParaXHeader header{
112,97,114,97;
1,0,0,0;
1;
0;
-0.495254;-0.503577;-0.495254;;
0.495254;-0.383751;0.495254;;
3;
}
Mesh mesh_object{
48; // 48 vertices 
0.441815;-0.482354;-0.441815;,
-0.441815;-0.482354;0.441815;,
-0.441815;-0.482354;-0.441815;,
0.441815;-0.482354;0.441815;,
0.356978;-0.383751;-0.356978;,
-0.356978;-0.383751;0.356978;,
0.356978;-0.383751;0.356978;,
-0.356978;-0.383751;-0.356978;,
0.441815;-0.482354;-0.441815;,
0.356978;-0.383751;0.356978;,
0.441815;-0.482354;0.441815;,
0.356978;-0.383751;-0.356978;,
0.441815;-0.482354;0.441815;,
-0.356978;-0.383751;0.356978;,
-0.441815;-0.482354;0.441815;,
0.356978;-0.383751;0.356978;,
-0.441815;-0.482354;0.441815;,
-0.356978;-0.383751;-0.356978;,
-0.441815;-0.482354;-0.441815;,
-0.356978;-0.383751;0.356978;,
-0.441815;-0.482354;-0.441815;,
0.356978;-0.383751;-0.356978;,
0.441815;-0.482354;-0.441815;,
-0.356978;-0.383751;-0.356978;,
0.495254;-0.503577;-0.495254;,
-0.495254;-0.503577;0.495254;,
-0.495254;-0.503577;-0.495254;,
0.495254;-0.503577;0.495254;,
0.485554;-0.393559;-0.485554;,
-0.485554;-0.393559;0.485554;,
0.485554;-0.393559;0.485554;,
-0.485554;-0.393559;-0.485554;,
0.495254;-0.503577;-0.495254;,
0.485554;-0.393559;0.485554;,
0.495254;-0.503577;0.495254;,
0.485554;-0.393559;-0.485554;,
0.495254;-0.503577;0.495254;,
-0.485554;-0.393559;0.485554;,
-0.495254;-0.503577;0.495254;,
0.485554;-0.393559;0.485554;,
-0.495254;-0.503577;0.495254;,
-0.485554;-0.393559;-0.485554;,
-0.495254;-0.503577;-0.495254;,
-0.485554;-0.393559;0.485554;,
-0.495254;-0.503577;-0.495254;,
0.485554;-0.393559;-0.485554;,
0.495254;-0.503577;-0.495254;,
-0.485554;-0.393559;-0.485554;;

24; // 24 faces 
3;0,1,2;,
3;1,0,3;,
3;4,5,6;,
3;5,4,7;,
3;8,9,10;,
3;9,8,11;,
3;12,13,14;,
3;13,12,15;,
3;16,17,18;,
3;17,16,19;,
3;20,21,22;,
3;21,20,23;,
3;24,25,26;,
3;25,24,27;,
3;28,29,30;,
3;29,28,31;,
3;32,33,34;,
3;33,32,35;,
3;36,37,38;,
3;37,36,39;,
3;40,41,42;,
3;41,40,43;,
3;44,45,46;,
3;45,44,47;;

MeshNormals {
48; // 48 normals 
0.000000;-1.000000;0.000000;,
0.000000;-1.000000;0.000000;,
0.000000;-1.000000;0.000000;,
0.000000;-1.000000;0.000000;,
0.000000;1.000000;0.000000;,
0.000000;1.000000;0.000000;,
0.000000;1.000000;0.000000;,
0.000000;1.000000;0.000000;,
0.991937;0.126736;0.000000;,
0.991937;0.126736;0.000000;,
0.991937;0.126736;0.000000;,
0.991937;0.126736;0.000000;,
-0.000000;0.126736;0.991937;,
-0.000000;0.126736;0.991937;,
-0.000000;0.126736;0.991937;,
-0.000000;0.126736;0.991936;,
-0.991937;0.126736;-0.000000;,
-0.991937;0.126736;-0.000000;,
-0.991937;0.126736;-0.000000;,
-0.991937;0.126736;-0.000000;,
0.000000;0.126736;-0.991937;,
0.000000;0.126736;-0.991936;,
0.000000;0.126736;-0.991937;,
0.000000;0.126736;-0.991937;,
0.000000;-1.000000;0.000000;,
0.000000;-1.000000;0.000000;,
0.000000;-1.000000;0.000000;,
0.000000;-1.000000;0.000000;,
0.000000;1.000000;0.000000;,
0.000000;1.000000;0.000000;,
0.000000;1.000000;0.000000;,
0.000000;1.000000;0.000000;,
0.999914;0.013092;0.000000;,
0.999914;0.013092;0.000000;,
0.999914;0.013092;0.000000;,
0.999914;0.013092;0.000000;,
-0.000000;0.013092;0.999914;,
-0.000000;0.013092;0.999914;,
-0.000000;0.013092;0.999914;,
-0.000000;0.013092;0.999914;,
-0.999914;0.013092;-0.000000;,
-0.999914;0.013092;-0.000000;,
-0.999914;0.013092;-0.000000;,
-0.999914;0.013092;-0.000000;,
0.000000;0.013092;-0.999914;,
0.000000;0.013092;-0.999914;,
0.000000;0.013092;-0.999914;,
0.000000;0.013092;-0.999914;;

24; // 24 faces 
3;0,1,2;,
3;1,0,3;,
3;4,5,6;,
3;5,4,7;,
3;8,9,10;,
3;9,8,11;,
3;12,13,14;,
3;13,12,15;,
3;16,17,18;,
3;17,16,19;,
3;20,21,22;,
3;21,20,23;,
3;24,25,26;,
3;25,24,27;,
3;28,29,30;,
3;29,28,31;,
3;32,33,34;,
3;33,32,35;,
3;36,37,38;,
3;37,36,39;,
3;40,41,42;,
3;41,40,43;,
3;44,45,46;,
3;45,44,47;;
}
MeshMaterialList {
 1; // Number of unique materials
 24; // Number of faces
0,0,0,0,0,0,0,0,0,0,0,0,0,0,0,0,0,0,0,0,0,0,0,0;;
Material {
0.588000;0.588000;0.588000;1.000000;;
0.0;
0.900000;0.900000;0.900000;;
1.000000;0.000000;0.000000;;
TextureFilename {"Texture/blocks/piston_top_normal.png;2";}
}
}// materials
MeshTextureCoords {
48; // 48 UV
0.069396;-0.069396;,
0.930604;-0.930604;,
0.069396;-0.930604;,
0.930604;-0.069396;,
0.202494;-0.202494;,
0.797506;-0.797506;,
0.797506;-0.202494;,
0.202494;-0.797506;,
0.069396;-0.069396;,
0.797506;-0.202494;,
0.930604;-0.069396;,
0.202494;-0.202494;,
0.930604;-0.069396;,
0.797506;-0.797506;,
0.930604;-0.930604;,
0.797506;-0.202494;,
0.930604;-0.930604;,
0.202494;-0.797506;,
0.069396;-0.930604;,
0.797506;-0.797506;,
0.069396;-0.930604;,
0.202494;-0.202494;,
0.069396;-0.069396;,
0.202494;-0.797506;,
0.000500;-0.000500;,
0.999500;-0.999500;,
0.000500;-0.999500;,
0.999500;-0.000500;,
0.017296;-0.017297;,
0.982704;-0.982703;,
0.982703;-0.017296;,
0.017297;-0.982704;,
0.000500;-0.000500;,
0.982703;-0.017296;,
0.999500;-0.000500;,
0.017296;-0.017297;,
0.999500;-0.000500;,
0.982704;-0.982703;,
0.999500;-0.999500;,
0.982703;-0.017296;,
0.999500;-0.999500;,
0.017297;-0.982704;,
0.000500;-0.999500;,
0.982704;-0.982703;,
0.000500;-0.999500;,
0.017296;-0.017297;,
0.000500;-0.000500;,
0.017297;-0.982704;;
}// UV
}// mesh
