xof 0303txt 0032
// Exported by ParaEngine X file exporter V0.2
ParaXHeader header{
112,97,114,97;
1,0,0,0;
1;
0;
-0.500000;-0.500123;-0.495253;;
0.500000;-0.356061;0.495253;;
3;
}
Mesh mesh_object{
120; // 120 vertices 
0.082191;-0.498302;-0.495253;,
-0.084387;-0.421715;-0.495253;,
0.082191;-0.421715;-0.495253;,
-0.084387;-0.498302;-0.495253;,
0.082191;-0.498302;0.495253;,
-0.084387;-0.421715;0.495253;,
-0.084387;-0.498302;0.495253;,
0.082191;-0.421715;0.495253;,
0.082191;-0.498302;-0.495253;,
-0.084387;-0.498302;0.495253;,
-0.084387;-0.498302;-0.495253;,
0.082191;-0.498302;0.495253;,
-0.084387;-0.498302;-0.495253;,
-0.084387;-0.421715;0.495253;,
-0.084387;-0.421715;-0.495253;,
-0.084387;-0.498302;0.495253;,
-0.084387;-0.421715;-0.495253;,
0.082191;-0.421715;0.495253;,
0.082191;-0.421715;-0.495253;,
-0.084387;-0.421715;0.495253;,
0.082191;-0.421715;-0.495253;,
0.082191;-0.498302;0.495253;,
0.082191;-0.498302;-0.495253;,
0.082191;-0.421715;0.495253;,
-0.411247;-0.498302;0.495253;,
-0.244669;-0.421715;0.495253;,
-0.411247;-0.421715;0.495253;,
-0.244669;-0.498302;0.495253;,
-0.411247;-0.498302;-0.495253;,
-0.244669;-0.421715;-0.495253;,
-0.244669;-0.498302;-0.495253;,
-0.411247;-0.421715;-0.495253;,
-0.411247;-0.498302;0.495253;,
-0.244669;-0.498302;-0.495253;,
-0.244669;-0.498302;0.495253;,
-0.411247;-0.498302;-0.495253;,
-0.244669;-0.498302;0.495253;,
-0.244669;-0.421715;-0.495253;,
-0.244669;-0.421715;0.495253;,
-0.244669;-0.498302;-0.495253;,
-0.244669;-0.421715;0.495253;,
-0.411247;-0.421715;-0.495253;,
-0.411247;-0.421715;0.495253;,
-0.244669;-0.421715;-0.495253;,
-0.411247;-0.421715;0.495253;,
-0.411247;-0.498302;-0.495253;,
-0.411247;-0.498302;0.495253;,
-0.411247;-0.421715;-0.495253;,
0.242862;-0.498302;0.495253;,
0.409440;-0.421715;0.495253;,
0.242862;-0.421715;0.495253;,
0.409440;-0.498302;0.495253;,
0.242862;-0.498302;-0.495253;,
0.409440;-0.421715;-0.495253;,
0.409440;-0.498302;-0.495253;,
0.242862;-0.421715;-0.495253;,
0.242862;-0.498302;0.495253;,
0.409440;-0.498302;-0.495253;,
0.409440;-0.498302;0.495253;,
0.242862;-0.498302;-0.495253;,
0.409440;-0.498302;0.495253;,
0.409440;-0.421715;-0.495253;,
0.409440;-0.421715;0.495253;,
0.409440;-0.498302;-0.495253;,
0.409440;-0.421715;0.495253;,
0.242862;-0.421715;-0.495253;,
0.242862;-0.421715;0.495253;,
0.409440;-0.421715;-0.495253;,
0.242862;-0.421715;0.495253;,
0.242862;-0.498302;-0.495253;,
0.242862;-0.498302;0.495253;,
0.242862;-0.421715;-0.495253;,
0.500000;-0.500123;0.320014;,
0.500000;-0.356061;0.194990;,
0.500000;-0.356061;0.320014;,
0.500000;-0.500123;0.194990;,
-0.500000;-0.500123;0.320014;,
-0.500000;-0.356061;0.194990;,
-0.500000;-0.500123;0.194990;,
-0.500000;-0.356061;0.320014;,
0.500000;-0.500123;0.320014;,
-0.500000;-0.500123;0.194990;,
0.500000;-0.500123;0.194990;,
-0.500000;-0.500123;0.320014;,
0.500000;-0.500123;0.194990;,
-0.500000;-0.356061;0.194990;,
0.500000;-0.356061;0.194990;,
-0.500000;-0.500123;0.194990;,
0.500000;-0.356061;0.194990;,
-0.500000;-0.356061;0.320014;,
0.500000;-0.356061;0.320014;,
-0.500000;-0.356061;0.194990;,
0.500000;-0.356061;0.320014;,
-0.500000;-0.500123;0.320014;,
0.500000;-0.500123;0.320014;,
-0.500000;-0.356061;0.320014;,
0.500000;-0.500123;-0.191639;,
0.500000;-0.356061;-0.316663;,
0.500000;-0.356061;-0.191639;,
0.500000;-0.500123;-0.316663;,
-0.500000;-0.500123;-0.191639;,
-0.500000;-0.356061;-0.316663;,
-0.500000;-0.500123;-0.316663;,
-0.500000;-0.356061;-0.191639;,
0.500000;-0.500123;-0.191639;,
-0.500000;-0.500123;-0.316663;,
0.500000;-0.500123;-0.316663;,
-0.500000;-0.500123;-0.191639;,
0.500000;-0.500123;-0.316663;,
-0.500000;-0.356061;-0.316663;,
0.500000;-0.356061;-0.316663;,
-0.500000;-0.500123;-0.316663;,
0.500000;-0.356061;-0.316663;,
-0.500000;-0.356061;-0.191639;,
0.500000;-0.356061;-0.191639;,
-0.500000;-0.356061;-0.316663;,
0.500000;-0.356061;-0.191639;,
-0.500000;-0.500123;-0.191639;,
0.500000;-0.500123;-0.191639;,
-0.500000;-0.356061;-0.191639;;

60; // 60 faces 
3;0,1,2;,
3;1,0,3;,
3;4,5,6;,
3;5,4,7;,
3;8,9,10;,
3;9,8,11;,
3;12,13,14;,
3;13,12,15;,
3;16,17,18;,
3;17,16,19;,
3;20,21,22;,
3;21,20,23;,
3;24,25,26;,
3;25,24,27;,
3;28,29,30;,
3;29,28,31;,
3;32,33,34;,
3;33,32,35;,
3;36,37,38;,
3;37,36,39;,
3;40,41,42;,
3;41,40,43;,
3;44,45,46;,
3;45,44,47;,
3;48,49,50;,
3;49,48,51;,
3;52,53,54;,
3;53,52,55;,
3;56,57,58;,
3;57,56,59;,
3;60,61,62;,
3;61,60,63;,
3;64,65,66;,
3;65,64,67;,
3;68,69,70;,
3;69,68,71;,
3;72,73,74;,
3;73,72,75;,
3;76,77,78;,
3;77,76,79;,
3;80,81,82;,
3;81,80,83;,
3;84,85,86;,
3;85,84,87;,
3;88,89,90;,
3;89,88,91;,
3;92,93,94;,
3;93,92,95;,
3;96,97,98;,
3;97,96,99;,
3;100,101,102;,
3;101,100,103;,
3;104,105,106;,
3;105,104,107;,
3;108,109,110;,
3;109,108,111;,
3;112,113,114;,
3;113,112,115;,
3;116,117,118;,
3;117,116,119;;

MeshNormals {
120; // 120 normals 
0.000000;0.000000;-1.000000;,
0.000000;0.000000;-1.000000;,
0.000000;0.000000;-1.000000;,
0.000000;0.000000;-1.000000;,
0.000000;-0.000000;1.000000;,
0.000000;-0.000000;1.000000;,
0.000000;-0.000000;1.000000;,
0.000000;-0.000000;1.000000;,
0.000000;-1.000000;-0.000000;,
0.000000;-1.000000;-0.000000;,
0.000000;-1.000000;-0.000000;,
0.000000;-1.000000;-0.000000;,
-1.000000;0.000000;-0.000000;,
-1.000000;0.000000;-0.000000;,
-1.000000;0.000000;-0.000000;,
-1.000000;0.000000;-0.000000;,
0.000000;1.000000;0.000000;,
0.000000;1.000000;0.000000;,
0.000000;1.000000;0.000000;,
0.000000;1.000000;0.000000;,
1.000000;-0.000000;0.000000;,
1.000000;-0.000000;0.000000;,
1.000000;0.000000;0.000000;,
1.000000;-0.000000;0.000000;,
0.000000;-0.000000;1.000000;,
0.000000;-0.000000;1.000000;,
0.000000;-0.000000;1.000000;,
0.000000;-0.000000;1.000000;,
0.000000;0.000000;-1.000000;,
0.000000;0.000000;-1.000000;,
0.000000;0.000000;-1.000000;,
0.000000;0.000000;-1.000000;,
0.000000;-1.000000;0.000000;,
0.000000;-1.000000;0.000000;,
0.000000;-1.000000;0.000000;,
0.000000;-1.000000;0.000000;,
1.000000;0.000000;0.000000;,
1.000000;0.000000;0.000000;,
1.000000;0.000000;0.000000;,
1.000000;0.000000;0.000000;,
0.000000;1.000000;-0.000000;,
0.000000;1.000000;-0.000000;,
0.000000;1.000000;-0.000000;,
0.000000;1.000000;-0.000000;,
-1.000000;0.000000;0.000000;,
-1.000000;0.000000;0.000000;,
-1.000000;0.000000;0.000000;,
-1.000000;0.000000;0.000000;,
0.000000;-0.000000;1.000000;,
0.000000;-0.000000;1.000000;,
0.000000;-0.000000;1.000000;,
0.000000;-0.000000;1.000000;,
0.000000;0.000000;-1.000000;,
0.000000;0.000000;-1.000000;,
0.000000;0.000000;-1.000000;,
0.000000;0.000000;-1.000000;,
0.000000;-1.000000;0.000000;,
0.000000;-1.000000;0.000000;,
0.000000;-1.000000;0.000000;,
0.000000;-1.000000;0.000000;,
1.000000;0.000000;0.000000;,
1.000000;0.000000;0.000000;,
1.000000;0.000000;0.000000;,
1.000000;0.000000;0.000000;,
0.000000;1.000000;-0.000000;,
0.000000;1.000000;-0.000000;,
0.000000;1.000000;-0.000000;,
0.000000;1.000000;-0.000000;,
-1.000000;0.000000;0.000000;,
-1.000000;0.000000;0.000000;,
-1.000000;0.000000;0.000000;,
-1.000000;0.000000;0.000000;,
1.000000;-0.000000;0.000000;,
1.000000;-0.000000;0.000000;,
1.000000;-0.000000;0.000000;,
1.000000;-0.000000;0.000000;,
-1.000000;0.000000;0.000000;,
-1.000000;0.000000;0.000000;,
-1.000000;0.000000;0.000000;,
-1.000000;0.000000;0.000000;,
0.000000;-1.000000;0.000000;,
0.000000;-1.000000;0.000000;,
0.000000;-1.000000;0.000000;,
0.000000;-1.000000;0.000000;,
0.000000;0.000000;-1.000000;,
0.000000;0.000000;-1.000000;,
0.000000;0.000000;-1.000000;,
0.000000;0.000000;-1.000000;,
-0.000000;1.000000;-0.000000;,
-0.000000;1.000000;-0.000000;,
0.000000;1.000000;0.000000;,
-0.000000;1.000000;-0.000000;,
-0.000000;-0.000000;1.000000;,
-0.000000;-0.000000;1.000000;,
-0.000000;-0.000000;1.000000;,
-0.000000;-0.000000;1.000000;,
1.000000;-0.000000;0.000000;,
1.000000;-0.000000;0.000000;,
1.000000;-0.000000;0.000000;,
1.000000;-0.000000;0.000000;,
-1.000000;0.000000;0.000000;,
-1.000000;0.000000;0.000000;,
-1.000000;0.000000;0.000000;,
-1.000000;0.000000;0.000000;,
0.000000;-1.000000;0.000000;,
0.000000;-1.000000;0.000000;,
0.000000;-1.000000;0.000000;,
0.000000;-1.000000;0.000000;,
-0.000000;0.000000;-1.000000;,
-0.000000;0.000000;-1.000000;,
0.000000;0.000000;-1.000000;,
-0.000000;0.000000;-1.000000;,
-0.000000;1.000000;-0.000000;,
-0.000000;1.000000;-0.000000;,
-0.000000;1.000000;-0.000000;,
0.000000;1.000000;-0.000000;,
0.000000;0.000000;1.000000;,
0.000000;0.000000;1.000000;,
0.000000;0.000000;1.000000;,
0.000000;0.000000;1.000000;;

60; // 60 faces 
3;0,1,2;,
3;1,0,3;,
3;4,5,6;,
3;5,4,7;,
3;8,9,10;,
3;9,8,11;,
3;12,13,14;,
3;13,12,15;,
3;16,17,18;,
3;17,16,19;,
3;20,21,22;,
3;21,20,23;,
3;24,25,26;,
3;25,24,27;,
3;28,29,30;,
3;29,28,31;,
3;32,33,34;,
3;33,32,35;,
3;36,37,38;,
3;37,36,39;,
3;40,41,42;,
3;41,40,43;,
3;44,45,46;,
3;45,44,47;,
3;48,49,50;,
3;49,48,51;,
3;52,53,54;,
3;53,52,55;,
3;56,57,58;,
3;57,56,59;,
3;60,61,62;,
3;61,60,63;,
3;64,65,66;,
3;65,64,67;,
3;68,69,70;,
3;69,68,71;,
3;72,73,74;,
3;73,72,75;,
3;76,77,78;,
3;77,76,79;,
3;80,81,82;,
3;81,80,83;,
3;84,85,86;,
3;85,84,87;,
3;88,89,90;,
3;89,88,91;,
3;92,93,94;,
3;93,92,95;,
3;96,97,98;,
3;97,96,99;,
3;100,101,102;,
3;101,100,103;,
3;104,105,106;,
3;105,104,107;,
3;108,109,110;,
3;109,108,111;,
3;112,113,114;,
3;113,112,115;,
3;116,117,118;,
3;117,116,119;;
}
MeshMaterialList {
 1; // Number of unique materials
 60; // Number of faces
0,0,0,0,0,0,0,0,0,0,0,0,0,0,0,0,0,0,0,0,0,0,0,0,0,0,0,0,0,0,0,0,0,0,0,0,0,0,0,0,0,0,0,0,0,0,0,0,0,0,0,0,0,0,0,0,0,0,0,0;;
Material {
0.588000;0.588000;0.588000;1.000000;;
0.0;
0.900000;0.900000;0.900000;;
1.000000;0.000000;0.000000;;
TextureFilename {"Z:/ParaEngineSDK/Texture/blocks/rail_normal.png;2";}
}
}// materials
MeshTextureCoords {
120; // 120 UV
0.102749;-0.420890;,
0.240735;-0.563093;,
0.240735;-0.420890;,
0.102749;-0.563093;,
0.896434;-0.563093;,
0.763633;-0.420890;,
0.896434;-0.420890;,
0.763633;-0.563093;,
0.102749;-0.563093;,
0.896434;-0.420890;,
0.102749;-0.420890;,
0.896434;-0.563093;,
0.102749;-0.420890;,
0.896434;-0.563319;,
0.102749;-0.563319;,
0.896434;-0.420890;,
0.102749;-0.563123;,
0.896328;-0.421142;,
0.102642;-0.421142;,
0.896434;-0.563123;,
0.102749;-0.421028;,
0.896434;-0.563093;,
0.102749;-0.563093;,
0.896434;-0.421028;,
0.896395;-0.929253;,
0.763628;-0.787049;,
0.763629;-0.929253;,
0.896395;-0.787049;,
0.102710;-0.787049;,
0.240731;-0.929253;,
0.102710;-0.929253;,
0.240731;-0.787049;,
0.896395;-0.787049;,
0.102710;-0.929253;,
0.896395;-0.929253;,
0.102710;-0.787049;,
0.896395;-0.929253;,
0.102710;-0.786932;,
0.896395;-0.786932;,
0.102710;-0.929253;,
0.896395;-0.787304;,
0.102816;-0.929285;,
0.896502;-0.929285;,
0.102710;-0.787304;,
0.896395;-0.929223;,
0.102710;-0.787049;,
0.896395;-0.787049;,
0.102710;-0.929223;,
0.896395;-0.248343;,
0.763628;-0.106139;,
0.763629;-0.248343;,
0.896395;-0.106139;,
0.102710;-0.106139;,
0.240731;-0.248343;,
0.102710;-0.248343;,
0.240731;-0.106139;,
0.896395;-0.106139;,
0.102710;-0.248343;,
0.896395;-0.248343;,
0.102710;-0.106139;,
0.896395;-0.248343;,
0.102710;-0.106021;,
0.896395;-0.106021;,
0.102710;-0.248343;,
0.896395;-0.106394;,
0.102816;-0.248375;,
0.896502;-0.248375;,
0.102710;-0.106394;,
0.896395;-0.248313;,
0.102710;-0.106139;,
0.896395;-0.106139;,
0.102710;-0.248313;,
0.742302;-0.993670;,
0.660222;-0.895123;,
0.742302;-0.895123;,
0.660222;-0.993670;,
0.660221;-0.010323;,
0.742302;-0.108523;,
0.742302;-0.010323;,
0.660221;-0.108523;,
0.660222;-0.993670;,
0.742302;-0.010323;,
0.742302;-0.993670;,
0.660221;-0.010323;,
0.742302;-0.993670;,
0.660352;-0.010323;,
0.660353;-0.993670;,
0.742302;-0.010323;,
0.660353;-0.993670;,
0.742302;-0.010323;,
0.742302;-0.993670;,
0.660352;-0.010323;,
0.741219;-0.993670;,
0.660221;-0.010323;,
0.660222;-0.993670;,
0.741219;-0.010323;,
0.254746;-0.993380;,
0.339217;-0.894833;,
0.254746;-0.894833;,
0.339217;-0.993380;,
0.339217;-0.010032;,
0.254746;-0.108233;,
0.254746;-0.010032;,
0.339217;-0.108233;,
0.339217;-0.993380;,
0.254746;-0.010032;,
0.254746;-0.993380;,
0.339217;-0.010032;,
0.254746;-0.993380;,
0.339074;-0.010032;,
0.339074;-0.993380;,
0.254746;-0.010032;,
0.339074;-0.993380;,
0.254746;-0.010032;,
0.254746;-0.993380;,
0.339074;-0.010032;,
0.254958;-0.993380;,
0.339217;-0.010032;,
0.339217;-0.993380;,
0.254958;-0.010032;;
}// UV
}// mesh
