xof 0303txt 0032
// Exported by ParaEngine X file exporter V0.2
ParaXHeader header{
112,97,114,97;
1,0,0,0;
1;
0;
-0.500558;-0.225831;-0.225831;;
-0.132118;0.225831;0.225831;;
3;
}
Mesh mesh_object{
44; // 44 vertices 
-0.500558;-0.225831;-0.225831;,
-0.500558;0.225831;0.225831;,
-0.500558;0.225831;-0.225831;,
-0.500558;-0.225831;0.225831;,
-0.389820;-0.212190;-0.212190;,
-0.389820;0.212190;0.212190;,
-0.389820;-0.212190;0.212190;,
-0.389820;0.212190;-0.212190;,
-0.500558;-0.225831;-0.225831;,
-0.389820;-0.212190;0.212190;,
-0.500558;-0.225831;0.225831;,
-0.389820;-0.212190;-0.212190;,
-0.500558;-0.225831;0.225831;,
-0.389820;0.212190;0.212190;,
-0.500558;0.225831;0.225831;,
-0.389820;-0.212190;0.212190;,
-0.500558;0.225831;0.225831;,
-0.389820;0.212190;-0.212190;,
-0.500558;0.225831;-0.225831;,
-0.389820;0.212190;0.212190;,
-0.500558;0.225831;-0.225831;,
-0.389820;-0.212190;-0.212190;,
-0.500558;-0.225831;-0.225831;,
-0.389820;0.212190;-0.212190;,
-0.132118;-0.138910;-0.138910;,
-0.132118;0.138910;0.138910;,
-0.132118;-0.138910;0.138910;,
-0.132118;0.138910;-0.138910;,
-0.394400;-0.144423;-0.144423;,
-0.132118;-0.138910;0.138910;,
-0.394400;-0.144423;0.144423;,
-0.132118;-0.138910;-0.138910;,
-0.394400;-0.144423;0.144423;,
-0.132118;0.138910;0.138910;,
-0.394400;0.144423;0.144423;,
-0.132118;-0.138910;0.138910;,
-0.394400;0.144423;0.144423;,
-0.132118;0.138910;-0.138910;,
-0.394400;0.144423;-0.144423;,
-0.132118;0.138910;0.138910;,
-0.394400;0.144423;-0.144423;,
-0.132118;-0.138910;-0.138910;,
-0.394400;-0.144423;-0.144423;,
-0.132118;0.138910;-0.138910;;

22; // 22 faces 
3;0,1,2;,
3;1,0,3;,
3;4,5,6;,
3;5,4,7;,
3;8,9,10;,
3;9,8,11;,
3;12,13,14;,
3;13,12,15;,
3;16,17,18;,
3;17,16,19;,
3;20,21,22;,
3;21,20,23;,
3;24,25,26;,
3;25,24,27;,
3;28,29,30;,
3;29,28,31;,
3;32,33,34;,
3;33,32,35;,
3;36,37,38;,
3;37,36,39;,
3;40,41,42;,
3;41,40,43;;

MeshNormals {
44; // 44 normals 
-1.000000;-0.000000;0.000000;,
-1.000000;-0.000000;0.000000;,
-1.000000;-0.000000;0.000000;,
-1.000000;-0.000000;0.000000;,
1.000000;0.000000;0.000000;,
1.000000;0.000000;0.000000;,
1.000000;0.000000;0.000000;,
1.000000;0.000000;0.000000;,
0.044408;-0.999013;-0.000000;,
0.044408;-0.999013;-0.000000;,
0.044408;-0.999013;-0.000000;,
0.044408;-0.999013;0.000000;,
0.044408;-0.000000;0.999013;,
0.044408;-0.000000;0.999014;,
0.044409;-0.000000;0.999013;,
0.044408;0.000000;0.999013;,
0.044408;0.999013;0.000000;,
0.044408;0.999013;0.000000;,
0.044409;0.999013;0.000000;,
0.044408;0.999014;0.000000;,
0.044408;0.000000;-0.999013;,
0.044408;0.000000;-0.999013;,
0.044408;0.000000;-0.999013;,
0.044408;0.000000;-0.999014;,
1.000000;0.000000;-0.000001;,
1.000000;0.000000;-0.000001;,
1.000000;0.000000;-0.000001;,
1.000000;-0.000000;-0.000001;,
0.007585;-0.999971;0.000000;,
0.007585;-0.999971;0.000000;,
0.007585;-0.999971;0.000000;,
0.007585;-0.999971;0.000000;,
0.007585;0.000000;0.999971;,
0.007585;0.000000;0.999971;,
0.007585;0.000000;0.999971;,
0.007585;0.000000;0.999971;,
0.007585;0.999971;-0.000000;,
0.007585;0.999971;-0.000000;,
0.007585;0.999971;-0.000000;,
0.007585;0.999971;-0.000000;,
0.007585;-0.000000;-0.999971;,
0.007585;-0.000000;-0.999971;,
0.007585;-0.000000;-0.999971;,
0.007585;-0.000000;-0.999971;;

22; // 22 faces 
3;0,1,2;,
3;1,0,3;,
3;4,5,6;,
3;5,4,7;,
3;8,9,10;,
3;9,8,11;,
3;12,13,14;,
3;13,12,15;,
3;16,17,18;,
3;17,16,19;,
3;20,21,22;,
3;21,20,23;,
3;24,25,26;,
3;25,24,27;,
3;28,29,30;,
3;29,28,31;,
3;32,33,34;,
3;33,32,35;,
3;36,37,38;,
3;37,36,39;,
3;40,41,42;,
3;41,40,43;;
}
MeshMaterialList {
 1; // Number of unique materials
 22; // Number of faces
0,0,0,0,0,0,0,0,0,0,0,0,0,0,0,0,0,0,0,0,0,0;;
Material {
0.588000;0.588000;0.588000;1.000000;;
0.0;
0.900000;0.900000;0.900000;;
1.000000;0.000000;0.000000;;
TextureFilename {"Texture/blocks/Redstone_Button_off.png;2";}
}
}// materials
MeshTextureCoords {
44; // 44 UV
0.101787;-0.101788;,
0.898213;-0.898212;,
0.101788;-0.898213;,
0.898212;-0.101787;,
0.202454;-0.202455;,
0.797546;-0.797545;,
0.797546;-0.202454;,
0.202455;-0.797546;,
0.101787;-0.101788;,
0.797546;-0.202454;,
0.898212;-0.101787;,
0.202454;-0.202455;,
0.898212;-0.101787;,
0.797546;-0.797545;,
0.898213;-0.898212;,
0.797546;-0.202454;,
0.898213;-0.898212;,
0.202455;-0.797546;,
0.101788;-0.898213;,
0.797546;-0.797545;,
0.101788;-0.898213;,
0.202454;-0.202455;,
0.101787;-0.101788;,
0.202455;-0.797546;,
0.207215;-0.207215;,
0.792785;-0.792785;,
0.792785;-0.207215;,
0.207215;-0.792785;,
0.071396;-0.071397;,
0.792785;-0.207215;,
0.928603;-0.071396;,
0.207215;-0.207215;,
0.928603;-0.071396;,
0.792785;-0.792785;,
0.928604;-0.928603;,
0.792785;-0.207215;,
0.928604;-0.928603;,
0.207215;-0.792785;,
0.071397;-0.928604;,
0.792785;-0.792785;,
0.071397;-0.928604;,
0.207215;-0.207215;,
0.071396;-0.071397;,
0.207215;-0.792785;;
}// UV
}// mesh
