xof 0303txt 0032
// Exported by ParaEngine X file exporter V0.2
ParaXHeader header{
112,97,114,97;
1,0,0,0;
1;
0;
-0.467384;-0.501693;-0.436900;;
0.551024;0.041076;0.436900;;
3;
}
Mesh mesh_object{
110; // 110 vertices 
-0.467384;-0.501693;-0.436900;,
0.551024;-0.501693;0.000000;,
-0.223872;-0.501693;-0.000000;,
0.288859;-0.501693;-0.436900;,
0.498437;-0.312133;0.000000;,
-0.433450;-0.312133;-0.405513;,
-0.189938;-0.312133;-0.000000;,
0.254925;-0.312133;-0.405513;,
0.551024;-0.501693;0.000000;,
0.254925;-0.312133;-0.405513;,
0.498437;-0.312133;0.000000;,
0.288859;-0.501693;-0.436900;,
0.288859;-0.501693;0.436900;,
-0.433450;-0.312133;0.405513;,
-0.467384;-0.501693;0.436900;,
0.254925;-0.312133;0.405513;,
-0.223872;-0.501693;-0.000000;,
-0.433450;-0.312133;0.405513;,
-0.189938;-0.312133;-0.000000;,
-0.467384;-0.501693;0.436900;,
-0.467384;-0.501693;-0.436900;,
0.254925;-0.312133;-0.405513;,
0.288859;-0.501693;-0.436900;,
-0.433450;-0.312133;-0.405513;,
-0.467384;-0.501693;0.436900;,
0.288859;-0.501693;0.436900;,
0.254925;-0.312133;0.405513;,
-0.433450;-0.312133;0.405513;,
0.254925;-0.312133;0.405513;,
0.288859;-0.501693;0.436900;,
-0.433450;-0.312133;-0.405513;,
-0.467384;-0.501693;-0.436900;,
-0.018298;0.041076;-0.050293;,
-0.132134;0.040595;0.050292;,
-0.018298;0.041076;0.050292;,
-0.132134;0.040595;-0.050293;,
-0.018277;-0.372022;-0.049849;,
-0.018298;0.041076;0.050292;,
-0.018277;-0.372022;0.049849;,
-0.018298;0.041076;-0.050293;,
-0.018277;-0.372022;0.049849;,
-0.132134;0.040595;0.050292;,
-0.132011;-0.372486;0.049849;,
-0.018298;0.041076;0.050292;,
-0.132011;-0.372486;0.049849;,
-0.132134;0.040595;-0.050293;,
-0.132011;-0.372486;-0.049849;,
-0.132134;0.040595;0.050292;,
-0.132011;-0.372486;-0.049849;,
-0.018298;0.041076;-0.050293;,
-0.018277;-0.372022;-0.049849;,
-0.132134;0.040595;-0.050293;,
-0.163480;-0.198821;-0.115523;,
-0.163480;-0.198821;0.177173;,
-0.017911;-0.198821;0.030825;,
-0.163643;-0.198821;0.098064;,
-0.163643;-0.198821;-0.036415;,
-0.295865;-0.198821;-0.036415;,
-0.295865;-0.198821;0.098064;,
-0.295865;-0.332909;0.098064;,
-0.295865;-0.198821;-0.036415;,
-0.295865;-0.332909;-0.036415;,
-0.295865;-0.198821;0.098064;,
-0.163643;-0.332909;-0.036415;,
-0.295865;-0.198821;-0.036415;,
-0.163643;-0.198821;-0.036415;,
-0.295865;-0.332909;-0.036415;,
-0.163643;-0.332909;0.098064;,
-0.163480;-0.198821;0.177173;,
-0.163643;-0.198821;0.098064;,
-0.163480;-0.332909;0.177173;,
-0.163480;-0.332909;-0.115523;,
-0.163480;-0.198821;-0.115523;,
-0.295865;-0.332909;0.098064;,
-0.295865;-0.198821;0.098064;,
-0.163480;-0.332909;0.177173;,
-0.017911;-0.198821;0.030825;,
-0.163480;-0.198821;0.177173;,
-0.017911;-0.198821;0.030825;,
-0.163480;-0.332909;0.177173;,
-0.017911;-0.332909;0.030825;,
-0.163480;-0.198821;-0.115523;,
-0.017911;-0.332909;0.030825;,
-0.163480;-0.332909;-0.115523;,
-0.017911;-0.332909;0.030825;,
-0.163480;-0.198821;-0.115523;,
-0.017911;-0.198821;0.030825;,
-0.163480;-0.332909;0.177173;,
-0.163480;-0.332909;-0.115523;,
-0.017911;-0.332909;0.030825;,
-0.163643;-0.332909;0.098064;,
-0.163643;-0.332909;-0.036415;,
-0.295865;-0.332909;-0.036415;,
-0.295865;-0.332909;0.098064;,
-0.233213;-0.471986;0.078048;,
-0.233213;-0.297453;-0.016398;,
-0.233213;-0.471986;-0.016398;,
-0.233213;-0.297453;0.078048;,
-0.233213;-0.471986;-0.016398;,
-0.112561;-0.297453;-0.016398;,
-0.112561;-0.471986;-0.016398;,
-0.233213;-0.297453;-0.016398;,
-0.112561;-0.471986;-0.016398;,
-0.112561;-0.297453;0.078048;,
-0.112561;-0.471986;0.078048;,
-0.112561;-0.297453;-0.016398;,
-0.112561;-0.471986;0.078048;,
-0.233213;-0.297453;0.078048;,
-0.233213;-0.471986;0.078048;,
-0.112561;-0.297453;0.078048;;

62; // 62 faces 
3;0,1,2;,
3;1,0,3;,
3;4,5,6;,
3;5,4,7;,
3;8,9,10;,
3;9,8,11;,
3;12,13,14;,
3;13,12,15;,
3;16,17,18;,
3;17,16,19;,
3;20,21,22;,
3;21,20,23;,
3;24,1,25;,
3;1,24,2;,
3;26,6,27;,
3;6,26,4;,
3;8,28,29;,
3;28,8,10;,
3;16,30,31;,
3;30,16,18;,
3;32,33,34;,
3;33,32,35;,
3;36,37,38;,
3;37,36,39;,
3;40,41,42;,
3;41,40,43;,
3;44,45,46;,
3;45,44,47;,
3;48,49,50;,
3;49,48,51;,
3;52,53,54;,
3;52,55,53;,
3;56,55,52;,
3;57,55,56;,
3;58,55,57;,
3;59,60,61;,
3;60,59,62;,
3;63,64,65;,
3;64,63,66;,
3;67,68,69;,
3;68,67,70;,
3;71,65,72;,
3;65,71,63;,
3;73,69,74;,
3;69,73,67;,
3;75,76,77;,
3;78,79,80;,
3;81,82,83;,
3;84,85,86;,
3;87,88,89;,
3;90,88,87;,
3;90,91,88;,
3;90,92,91;,
3;93,92,90;,
3;94,95,96;,
3;95,94,97;,
3;98,99,100;,
3;99,98,101;,
3;102,103,104;,
3;103,102,105;,
3;106,107,108;,
3;107,106,109;;

MeshNormals {
110; // 110 normals 
0.000000;-1.000000;0.000000;,
0.000000;-1.000000;0.000000;,
0.000000;-1.000000;0.000000;,
0.000000;-1.000000;0.000000;,
0.000000;1.000000;0.000000;,
0.000000;1.000000;0.000000;,
0.000000;1.000000;0.000000;,
0.000000;1.000000;0.000000;,
0.999148;0.041270;0.000000;,
0.856809;0.035326;-0.514423;,
0.999153;0.041161;0.000000;,
0.856934;0.035424;-0.514208;,
-0.000000;0.024581;0.999698;,
-0.000000;0.024581;0.999698;,
-0.000000;0.024581;0.999698;,
-0.000000;0.024581;0.999698;,
-0.999873;0.015916;-0.000000;,
-0.861017;0.020073;-0.508180;,
-0.999647;0.026574;0.000000;,
-0.873431;0.011249;-0.486818;,
0.000000;0.024581;-0.999698;,
0.000000;0.024581;-0.999698;,
0.000000;0.024581;-0.999698;,
0.000000;0.024581;-0.999698;,
0.000000;-1.000000;0.000000;,
0.000000;-1.000000;0.000000;,
0.000000;1.000000;0.000000;,
0.000000;1.000000;0.000000;,
0.856808;0.035326;0.514423;,
0.856934;0.035424;0.514208;,
-0.861017;0.020073;0.508180;,
-0.873431;0.011249;0.486818;,
-0.028482;0.999594;0.000000;,
-0.028482;0.999594;0.000000;,
-0.028482;0.999594;0.000000;,
-0.028482;0.999594;-0.000000;,
1.000000;0.000007;-0.000001;,
1.000000;0.000007;-0.000000;,
1.000000;0.000007;-0.000001;,
1.000000;0.000007;-0.000000;,
0.000004;-0.000159;1.000000;,
0.000004;-0.000159;1.000000;,
0.000004;-0.000159;1.000000;,
0.000004;-0.000159;1.000000;,
-1.000000;-0.000044;0.000000;,
-1.000000;-0.000044;-0.000000;,
-1.000000;-0.000044;0.000000;,
-1.000000;-0.000044;-0.000000;,
0.000004;-0.000159;-1.000000;,
0.000005;-0.000159;-1.000000;,
0.000004;-0.000159;-1.000000;,
0.000005;-0.000159;-1.000000;,
0.000000;1.000000;0.000000;,
0.000000;1.000000;0.000000;,
0.000000;1.000000;0.000000;,
-0.000000;1.000000;-0.000000;,
-0.000000;1.000000;-0.000000;,
-0.000000;1.000000;-0.000000;,
-0.000000;1.000000;-0.000000;,
-1.000000;0.000001;-0.000000;,
-1.000000;0.000001;-0.000000;,
-1.000000;0.000001;-0.000000;,
-1.000000;0.000001;-0.000000;,
-0.705687;0.000000;-0.708524;,
-0.000000;0.000000;-1.000000;,
-0.705687;0.000000;-0.708524;,
-0.000000;0.000000;-1.000000;,
-0.705687;-0.000000;0.708524;,
-0.999992;-0.000000;0.004012;,
-0.705687;-0.000000;0.708524;,
-0.999992;-0.000000;0.004012;,
-0.999992;-0.000000;-0.004012;,
-0.999992;-0.000000;-0.004012;,
-0.000000;-0.000000;1.000000;,
-0.000000;-0.000000;1.000000;,
0.459063;0.000000;0.888404;,
0.459063;0.000000;0.888404;,
0.459063;0.000000;0.888404;,
0.459063;0.000001;0.888404;,
0.459063;0.000001;0.888404;,
0.459063;0.000001;0.888404;,
0.459063;0.000000;-0.888404;,
0.459063;0.000000;-0.888404;,
0.459063;0.000000;-0.888404;,
0.459063;0.000001;-0.888404;,
0.459063;0.000001;-0.888404;,
0.459063;0.000001;-0.888404;,
0.000000;-1.000000;0.000000;,
0.000000;-1.000000;0.000000;,
0.000000;-1.000000;0.000000;,
0.000000;-1.000000;0.000000;,
0.000000;-1.000000;0.000000;,
0.000000;-1.000000;0.000000;,
0.000000;-1.000000;0.000000;,
-1.000000;-0.000000;-0.000000;,
-1.000000;-0.000000;-0.000000;,
-1.000000;-0.000000;-0.000000;,
-1.000000;0.000000;-0.000000;,
0.000000;0.000000;-1.000000;,
0.000000;0.000000;-1.000000;,
0.000000;0.000000;-1.000000;,
0.000000;0.000000;-1.000000;,
1.000000;0.000000;0.000000;,
1.000000;0.000000;0.000000;,
1.000000;0.000000;0.000000;,
1.000000;0.000000;0.000000;,
-0.000000;0.000000;1.000000;,
-0.000000;0.000000;1.000000;,
-0.000000;0.000000;1.000000;,
-0.000000;0.000000;1.000000;;

62; // 62 faces 
3;0,1,2;,
3;1,0,3;,
3;4,5,6;,
3;5,4,7;,
3;8,9,10;,
3;9,8,11;,
3;12,13,14;,
3;13,12,15;,
3;16,17,18;,
3;17,16,19;,
3;20,21,22;,
3;21,20,23;,
3;24,1,25;,
3;1,24,2;,
3;26,6,27;,
3;6,26,4;,
3;8,28,29;,
3;28,8,10;,
3;16,30,31;,
3;30,16,18;,
3;32,33,34;,
3;33,32,35;,
3;36,37,38;,
3;37,36,39;,
3;40,41,42;,
3;41,40,43;,
3;44,45,46;,
3;45,44,47;,
3;48,49,50;,
3;49,48,51;,
3;52,53,54;,
3;52,55,53;,
3;56,55,52;,
3;57,55,56;,
3;58,55,57;,
3;59,60,61;,
3;60,59,62;,
3;63,64,65;,
3;64,63,66;,
3;67,68,69;,
3;68,67,70;,
3;71,65,72;,
3;65,71,63;,
3;73,69,74;,
3;69,73,67;,
3;75,76,77;,
3;78,79,80;,
3;81,82,83;,
3;84,85,86;,
3;87,88,89;,
3;90,88,87;,
3;90,91,88;,
3;90,92,91;,
3;93,92,90;,
3;94,95,96;,
3;95,94,97;,
3;98,99,100;,
3;99,98,101;,
3;102,103,104;,
3;103,102,105;,
3;106,107,108;,
3;107,106,109;;
}
MeshMaterialList {
 3; // Number of unique materials
 62; // Number of faces
0,0,0,0,0,0,0,0,0,0,0,0,0,0,0,0,0,0,0,0,1,1,1,1,1,1,1,1,1,1,2,2,2,2,2,2,2,2,2,2,2,2,2,2,2,2,2,2,2,2,2,2,2,2,2,2,2,2,2,2,2,2;;
Material {
0.588000;0.588000;0.588000;1.000000;;
0.0;
0.900000;0.900000;0.900000;;
1.000000;0.000000;0.000000;;
TextureFilename {"Texture/blocks/Redstone_Repeater_off.png";}
}
Material {
0.588000;0.588000;0.588000;1.000000;;
0.0;
0.900000;0.900000;0.900000;;
1.000000;0.000000;0.000000;;
TextureFilename {"Texture/blocks/Redstone_Button_off.png";}
}
Material {
1.000000;1.000000;1.000000;1.000000;;
0.0;
1.000000;1.000000;1.000000;;
0.000000;1.000000;1.000000;;
}
}// materials
MeshTextureCoords {
110; // 110 UV
0.000500;-0.999500;,
0.500000;-0.000500;,
0.500000;-0.999500;,
0.000500;-0.000500;,
0.500000;-0.027203;,
0.027203;-0.972797;,
0.500000;-0.972797;,
0.027203;-0.027203;,
0.500000;-0.000500;,
0.027203;-0.027203;,
0.500000;-0.027203;,
0.000500;-0.000500;,
0.999500;-0.000500;,
0.972797;-0.972797;,
0.999500;-0.999500;,
0.972797;-0.027203;,
0.500000;-0.999500;,
0.972797;-0.972797;,
0.500000;-0.972797;,
0.999500;-0.999500;,
0.000500;-0.999500;,
0.027203;-0.027203;,
0.000500;-0.000500;,
0.027203;-0.972797;,
0.999500;-0.999500;,
0.999500;-0.000500;,
0.972797;-0.027203;,
0.972797;-0.972797;,
0.972797;-0.027203;,
0.999500;-0.000500;,
0.027203;-0.972797;,
0.000500;-0.999500;,
0.207215;-0.207215;,
0.792785;-0.792785;,
0.792785;-0.207215;,
0.207215;-0.792785;,
0.071396;-0.071397;,
0.792785;-0.207215;,
0.928603;-0.071396;,
0.207215;-0.207215;,
0.928603;-0.071396;,
0.792785;-0.792785;,
0.928604;-0.928603;,
0.792785;-0.207215;,
0.928604;-0.928603;,
0.207215;-0.792785;,
0.071397;-0.928604;,
0.792785;-0.792785;,
0.071397;-0.928604;,
0.207215;-0.207215;,
0.071396;-0.071397;,
0.207215;-0.792785;,
1.000000;-1.000000;,
0.000000;-1.000000;,
0.500000;-1.000000;,
0.000000;-0.500000;,
1.000000;-0.500000;,
1.000000;-0.000000;,
0.000000;-0.000000;,
0.000000;-0.000000;,
1.000000;-1.000000;,
1.000000;-0.000000;,
0.000000;-1.000000;,
0.500000;-0.000000;,
0.000000;-1.000000;,
0.500000;-1.000000;,
0.000000;-0.000000;,
0.500000;-0.000000;,
0.000000;-1.000000;,
0.500000;-1.000000;,
0.000000;-0.000000;,
1.000000;-0.000000;,
1.000000;-1.000000;,
1.000000;-0.000000;,
1.000000;-1.000000;,
0.000000;-0.000000;,
0.500000;-1.000000;,
0.000000;-1.000000;,
0.500000;-1.000000;,
0.000000;-0.000000;,
0.500000;-0.000000;,
1.000000;-1.000000;,
0.500000;-0.000000;,
1.000000;-0.000000;,
0.500000;-0.000000;,
1.000000;-1.000000;,
0.500000;-1.000000;,
0.000000;-1.000000;,
1.000000;-1.000000;,
0.500000;-1.000000;,
0.000000;-0.500000;,
1.000000;-0.500000;,
1.000000;-0.000000;,
0.000000;-0.000000;,
0.000000;-0.000000;,
1.000000;-1.000000;,
1.000000;-0.000000;,
0.000000;-1.000000;,
0.000000;-0.000000;,
1.000000;-1.000000;,
1.000000;-0.000000;,
0.000000;-1.000000;,
0.000000;-0.000000;,
1.000000;-1.000000;,
1.000000;-0.000000;,
0.000000;-1.000000;,
0.000000;-0.000000;,
1.000000;-1.000000;,
1.000000;-0.000000;,
0.000000;-1.000000;;
}// UV
}// mesh
