xof 0303txt 0032
// Exported by ParaEngine X file exporter V0.2
ParaXHeader header{
112,97,114,97;
1,0,0,0;
1;
0;
-0.550000;-0.450000;-0.450000;;
0.350000;0.450000;0.450000;;
3;
}
Mesh mesh_object{
64; // 64 vertices 
-0.499372;-0.351664;-0.260891;,
-0.350720;-0.351664;0.260891;,
-0.499372;-0.351664;0.260891;,
-0.350720;-0.351664;-0.260891;,
-0.499372;0.370543;-0.260891;,
-0.350720;0.370543;0.260891;,
-0.350720;0.370543;-0.260891;,
-0.499372;0.370543;0.260891;,
-0.499372;-0.351664;-0.260891;,
-0.350720;0.370543;-0.260891;,
-0.350720;-0.351664;-0.260891;,
-0.499372;0.370543;-0.260891;,
-0.350720;-0.351664;-0.260891;,
-0.350720;0.370543;0.260891;,
-0.350720;-0.351664;0.260891;,
-0.350720;0.370543;-0.260891;,
-0.350720;-0.351664;0.260891;,
-0.499372;0.370543;0.260891;,
-0.499372;-0.351664;0.260891;,
-0.350720;0.370543;0.260891;,
-0.499372;-0.351664;0.260891;,
-0.499372;0.370543;-0.260891;,
-0.499372;-0.351664;-0.260891;,
-0.499372;0.370543;0.260891;,
-0.300333;-0.074397;-0.064704;,
0.150086;-0.074397;0.064704;,
-0.300333;-0.074397;0.064704;,
0.150086;-0.074397;-0.064704;,
-0.300333;0.099143;-0.064704;,
0.150086;0.099143;0.064704;,
0.150086;0.099143;-0.064704;,
-0.300333;0.099143;0.064704;,
-0.300333;-0.074397;-0.064704;,
0.150086;0.099143;-0.064704;,
0.150086;-0.074397;-0.064704;,
-0.300333;0.099143;-0.064704;,
0.150086;-0.074397;-0.064704;,
0.150086;0.099143;0.064704;,
0.150086;-0.074397;0.064704;,
0.150086;0.099143;-0.064704;,
0.150086;-0.074397;0.064704;,
-0.300333;0.099143;0.064704;,
-0.300333;-0.074397;0.064704;,
0.150086;0.099143;0.064704;,
-0.402624;-0.190119;-0.147413;,
-0.253973;-0.190119;0.147413;,
-0.402624;-0.190119;0.147413;,
-0.253973;-0.190119;-0.147413;,
-0.402624;0.227995;-0.147413;,
-0.253973;0.227995;0.147413;,
-0.253973;0.227995;-0.147413;,
-0.402624;0.227995;0.147413;,
-0.402624;-0.190119;-0.147413;,
-0.253973;0.227995;-0.147413;,
-0.253973;-0.190119;-0.147413;,
-0.402624;0.227995;-0.147413;,
-0.253973;-0.190119;-0.147413;,
-0.253973;0.227995;0.147413;,
-0.253973;-0.190119;0.147413;,
-0.253973;0.227995;-0.147413;,
-0.253973;-0.190119;0.147413;,
-0.402624;0.227995;0.147413;,
-0.402624;-0.190119;0.147413;,
-0.253973;0.227995;0.147413;;

32; // 32 faces 
3;0,1,2;,
3;1,0,3;,
3;4,5,6;,
3;5,4,7;,
3;8,9,10;,
3;9,8,11;,
3;12,13,14;,
3;13,12,15;,
3;16,17,18;,
3;17,16,19;,
3;20,21,22;,
3;21,20,23;,
3;24,25,26;,
3;25,24,27;,
3;28,29,30;,
3;29,28,31;,
3;32,33,34;,
3;33,32,35;,
3;36,37,38;,
3;37,36,39;,
3;40,41,42;,
3;41,40,43;,
3;44,45,46;,
3;45,44,47;,
3;48,49,50;,
3;49,48,51;,
3;52,53,54;,
3;53,52,55;,
3;56,57,58;,
3;57,56,59;,
3;60,61,62;,
3;61,60,63;;

MeshNormals {
64; // 64 normals 
0.000000;-1.000000;0.000000;,
0.000000;-1.000000;0.000000;,
0.000000;-1.000000;0.000000;,
0.000000;-1.000000;0.000000;,
0.000000;1.000000;0.000000;,
0.000000;1.000000;0.000000;,
0.000000;1.000000;0.000000;,
0.000000;1.000000;0.000000;,
0.000000;0.000000;-1.000000;,
0.000000;0.000000;-1.000000;,
0.000000;0.000000;-1.000000;,
0.000000;0.000000;-1.000000;,
1.000000;0.000000;0.000000;,
1.000000;0.000000;0.000000;,
1.000000;0.000000;0.000000;,
1.000000;0.000000;0.000000;,
0.000000;-0.000001;1.000000;,
0.000000;-0.000001;1.000000;,
0.000000;-0.000001;1.000000;,
0.000000;-0.000001;1.000000;,
-1.000000;0.000000;0.000000;,
-1.000000;0.000000;0.000000;,
-1.000000;0.000000;0.000000;,
-1.000000;0.000000;0.000000;,
0.000000;-1.000000;0.000000;,
0.000000;-1.000000;0.000000;,
0.000000;-1.000000;0.000000;,
0.000000;-1.000000;0.000000;,
0.000000;1.000000;0.000000;,
0.000000;1.000000;0.000000;,
0.000000;1.000000;0.000000;,
0.000000;1.000000;0.000000;,
0.000000;0.000000;-1.000000;,
0.000000;0.000000;-1.000000;,
0.000000;0.000000;-1.000000;,
0.000000;0.000000;-1.000000;,
1.000000;-0.000001;0.000000;,
1.000000;-0.000001;0.000000;,
1.000000;-0.000001;0.000000;,
1.000000;-0.000001;0.000000;,
0.000000;-0.000000;1.000000;,
0.000000;-0.000000;1.000000;,
0.000000;-0.000000;1.000000;,
0.000000;-0.000000;1.000000;,
0.000000;-1.000000;0.000000;,
0.000000;-1.000000;0.000000;,
0.000000;-1.000000;0.000000;,
0.000000;-1.000000;0.000000;,
0.000000;1.000000;0.000000;,
0.000000;1.000000;0.000000;,
0.000000;1.000000;0.000000;,
0.000000;1.000000;0.000000;,
0.000000;0.000000;-1.000000;,
0.000000;0.000000;-1.000000;,
0.000000;0.000000;-1.000000;,
0.000000;0.000000;-1.000000;,
1.000000;0.000000;0.000000;,
1.000000;0.000000;0.000000;,
1.000000;0.000000;0.000000;,
1.000000;0.000000;0.000000;,
0.000000;-0.000001;1.000000;,
0.000000;-0.000001;1.000000;,
0.000000;-0.000001;1.000000;,
0.000000;-0.000001;1.000000;;

32; // 32 faces 
3;0,1,2;,
3;1,0,3;,
3;4,5,6;,
3;5,4,7;,
3;8,9,10;,
3;9,8,11;,
3;12,13,14;,
3;13,12,15;,
3;16,17,18;,
3;17,16,19;,
3;20,21,22;,
3;21,20,23;,
3;24,25,26;,
3;25,24,27;,
3;28,29,30;,
3;29,28,31;,
3;32,33,34;,
3;33,32,35;,
3;36,37,38;,
3;37,36,39;,
3;40,41,42;,
3;41,40,43;,
3;44,45,46;,
3;45,44,47;,
3;48,49,50;,
3;49,48,51;,
3;52,53,54;,
3;53,52,55;,
3;56,57,58;,
3;57,56,59;,
3;60,61,62;,
3;61,60,63;;
}
MeshMaterialList {
 1; // Number of unique materials
 32; // Number of faces
0,0,0,0,0,0,0,0,0,0,0,0,0,0,0,0,0,0,0,0,0,0,0,0,0,0,0,0,0,0,0,0;;
Material {
0.588000;0.588000;0.588000;1.000000;;
0.0;
0.900000;0.900000;0.900000;;
1.000000;0.000000;0.000000;;
TextureFilename {"Texture/blocks/endframe_top.png";}
}
}// materials
MeshTextureCoords {
64; // 64 UV
0.616111;-0.922119;,
0.809011;-0.787300;,
0.809011;-0.922119;,
0.616111;-0.787300;,
0.381321;-0.787300;,
0.197286;-0.922119;,
0.381321;-0.922119;,
0.197286;-0.787300;,
0.616111;-0.787300;,
0.381321;-0.922119;,
0.616111;-0.922119;,
0.381321;-0.787300;,
0.988713;-0.983272;,
0.013285;-0.018885;,
0.013285;-0.983272;,
0.988713;-0.018885;,
0.874657;-0.774081;,
0.098553;-0.906464;,
0.874657;-0.906464;,
0.098553;-0.774081;,
0.015165;-0.983272;,
0.986906;-0.018885;,
0.986906;-0.983272;,
0.015165;-0.018885;,
0.383282;-0.549199;,
0.614232;-0.082678;,
0.614233;-0.549199;,
0.383282;-0.082678;,
0.383282;-0.549199;,
0.614232;-0.082678;,
0.383282;-0.082678;,
0.614233;-0.549199;,
0.383282;-0.549199;,
0.614232;-0.082678;,
0.383282;-0.082678;,
0.614233;-0.549199;,
0.418371;-0.017537;,
0.622728;-0.173236;,
0.622727;-0.017537;,
0.418371;-0.173236;,
0.383282;-0.082678;,
0.614233;-0.549199;,
0.383282;-0.549199;,
0.614232;-0.082678;,
0.652771;-0.922119;,
0.772352;-0.787300;,
0.772352;-0.922119;,
0.612131;-0.787300;,
0.386144;-0.787300;,
0.232261;-0.922119;,
0.386144;-0.922119;,
0.232261;-0.787300;,
0.612131;-0.787300;,
0.386144;-0.922119;,
0.571491;-0.922119;,
0.386144;-0.787300;,
0.803340;-0.799997;,
0.198658;-0.202160;,
0.198658;-0.799997;,
0.803340;-0.202160;,
0.727164;-0.774081;,
0.246046;-0.906464;,
0.727164;-0.906464;,
0.246046;-0.774081;;
}// UV
}// mesh
