xof 0303txt 0032
// Exported by ParaEngine X file exporter V0.2
ParaXHeader header{
112,97,114,97;
1,0,0,0;
1;
0;
-0.500000;-0.500000;-0.500000;;
0.500000;0.500000;0.500000;;
3;
}
Mesh mesh_object{
50; // 50 vertices 
-0.000000;0.500000;0.500000;,
-0.500000;-0.500000;0.500000;,
-0.000000;-0.002593;0.500000;,
-0.500000;0.500000;0.500000;,
-0.500000;-0.500000;-0.500000;,
-0.000000;0.500000;-0.500000;,
-0.000000;-0.002593;-0.500000;,
-0.500000;0.500000;-0.500000;,
-0.000000;-0.002593;0.500000;,
-0.000000;0.500000;-0.500000;,
-0.000000;0.500000;0.500000;,
-0.000000;-0.002593;-0.500000;,
-0.000000;0.500000;0.500000;,
-0.500000;0.500000;-0.500000;,
-0.500000;0.500000;0.500000;,
-0.000000;0.500000;-0.500000;,
-0.500000;0.500000;0.500000;,
-0.500000;-0.500000;-0.500000;,
-0.500000;-0.500000;0.500000;,
-0.500000;0.500000;-0.500000;,
0.500000;-0.500000;-0.500000;,
-0.500000;-0.500000;-0.500000;,
0.500000;-0.251296;-0.500000;,
0.500000;-0.500000;0.500000;,
0.500000;-0.251296;0.500000;,
-0.500000;-0.500000;0.500000;,
0.500000;-0.500000;-0.500000;,
-0.500000;-0.500000;0.500000;,
-0.500000;-0.500000;-0.500000;,
0.500000;-0.500000;0.500000;,
0.500000;-0.251296;-0.500000;,
0.500000;-0.002593;0.500000;,
0.500000;-0.251296;0.500000;,
0.500000;-0.002593;-0.500000;,
0.500000;-0.002593;-0.500000;,
-0.000000;-0.002593;0.500000;,
0.500000;-0.002593;0.500000;,
-0.000000;-0.002593;-0.500000;,
0.500000;-0.500000;-0.500000;,
0.500000;-0.251296;0.500000;,
0.500000;-0.500000;0.500000;,
0.500000;-0.251296;-0.500000;,
0.500000;-0.251296;-0.500000;,
-0.000000;-0.002593;-0.500000;,
0.500000;-0.002593;-0.500000;,
-0.500000;-0.500000;-0.500000;,
-0.500000;-0.500000;0.500000;,
0.500000;-0.002593;0.500000;,
-0.000000;-0.002593;0.500000;,
0.500000;-0.251296;0.500000;;

24; // 24 faces 
3;0,1,2;,
3;1,0,3;,
3;4,5,6;,
3;5,4,7;,
3;8,9,10;,
3;9,8,11;,
3;12,13,14;,
3;13,12,15;,
3;16,17,18;,
3;17,16,19;,
3;20,21,22;,
3;23,24,25;,
3;26,27,28;,
3;27,26,29;,
3;30,31,32;,
3;31,30,33;,
3;34,35,36;,
3;35,34,37;,
3;38,39,40;,
3;39,38,41;,
3;42,43,44;,
3;43,42,45;,
3;46,47,48;,
3;47,46,49;;

MeshNormals {
50; // 50 normals 
0.000000;0.000000;1.000000;,
0.000000;0.000000;1.000000;,
0.000000;0.000000;1.000000;,
0.000000;0.000000;1.000000;,
0.000000;-0.000000;-1.000000;,
0.000000;-0.000000;-1.000000;,
0.000000;-0.000000;-1.000000;,
0.000000;-0.000000;-1.000000;,
1.000000;-0.000000;-0.000000;,
1.000000;-0.000000;-0.000000;,
1.000000;-0.000000;-0.000000;,
1.000000;-0.000000;-0.000000;,
0.000000;1.000000;0.000000;,
0.000000;1.000000;0.000000;,
0.000000;1.000000;0.000000;,
0.000000;1.000000;0.000000;,
-1.000000;-0.000000;0.000000;,
-1.000000;-0.000000;0.000000;,
-1.000000;-0.000000;0.000000;,
-1.000000;-0.000000;0.000000;,
-0.000000;0.000000;-1.000000;,
-0.000000;0.000000;-1.000000;,
-0.000000;0.000000;-1.000000;,
0.000000;0.000000;1.000000;,
0.000000;0.000000;1.000000;,
0.000000;0.000000;1.000000;,
0.000000;-1.000000;-0.000000;,
0.000000;-1.000000;-0.000000;,
0.000000;-1.000000;-0.000000;,
0.000000;-1.000000;-0.000000;,
1.000000;0.000000;-0.000000;,
1.000000;0.000000;-0.000000;,
1.000000;0.000000;-0.000000;,
1.000000;0.000000;-0.000000;,
0.000000;1.000000;0.000000;,
0.000000;1.000000;0.000000;,
0.000000;1.000000;0.000000;,
0.000000;1.000000;0.000000;,
1.000000;0.000000;-0.000000;,
1.000000;0.000000;-0.000000;,
1.000000;0.000000;-0.000000;,
1.000000;0.000000;-0.000000;,
-0.000000;-0.000000;-1.000000;,
-0.000000;-0.000000;-1.000000;,
-0.000000;-0.000000;-1.000000;,
-0.000000;-0.000000;-1.000000;,
0.000000;0.000000;1.000000;,
0.000000;0.000000;1.000000;,
0.000000;0.000000;1.000000;,
0.000000;0.000000;1.000000;;

24; // 24 faces 
3;0,1,2;,
3;1,0,3;,
3;4,5,6;,
3;5,4,7;,
3;8,9,10;,
3;9,8,11;,
3;12,13,14;,
3;13,12,15;,
3;16,17,18;,
3;17,16,19;,
3;20,21,22;,
3;23,24,25;,
3;26,27,28;,
3;27,26,29;,
3;30,31,32;,
3;31,30,33;,
3;34,35,36;,
3;35,34,37;,
3;38,39,40;,
3;39,38,41;,
3;42,43,44;,
3;43,42,45;,
3;46,47,48;,
3;47,46,49;;
}
MeshMaterialList {
 1; // Number of unique materials
 24; // Number of faces
0,0,0,0,0,0,0,0,0,0,0,0,0,0,0,0,0,0,0,0,0,0,0,0;;
Material {
0.588000;0.588000;0.588000;1.000000;;
0.0;
0.900000;0.900000;0.900000;;
1.000000;0.000000;0.000000;;
TextureFilename {"Texture/blocks/planks_oak.png;2";}
}
}// materials
MeshTextureCoords {
50; // 50 UV
0.502174;-0.998000;,
0.998000;-0.002000;,
0.502174;-0.500000;,
0.998000;-0.998000;,
0.002000;-0.002000;,
0.502174;-0.998000;,
0.502174;-0.500000;,
0.002000;-0.998000;,
0.002000;-0.750000;,
0.998000;-0.002000;,
0.002000;-0.002000;,
0.998000;-0.750000;,
0.002000;-0.002000;,
0.998000;-0.998000;,
0.002000;-0.998000;,
0.998000;-0.002000;,
0.002000;-0.998000;,
0.998000;-0.002000;,
0.002000;-0.002000;,
0.998000;-0.998000;,
0.998000;-0.002000;,
0.002000;-0.002000;,
0.998000;-0.251000;,
0.002000;-0.002000;,
0.002000;-0.251000;,
0.998000;-0.002000;,
0.998000;-0.002000;,
0.002000;-0.998000;,
0.998000;-0.998000;,
0.002000;-0.002000;,
0.998000;-0.251751;,
0.002000;-0.998000;,
0.002000;-0.251751;,
0.998000;-0.998000;,
0.998000;-0.998000;,
0.002000;-0.500000;,
0.002000;-0.998000;,
0.998000;-0.500000;,
0.998000;-0.002000;,
0.002000;-0.251751;,
0.002000;-0.002000;,
0.998000;-0.251751;,
0.998000;-0.251000;,
0.502174;-0.500000;,
0.998000;-0.500000;,
0.002000;-0.002000;,
0.998000;-0.002000;,
0.002000;-0.500000;,
0.502174;-0.500000;,
0.002000;-0.251000;;
}// UV
}// mesh
