xof 0303txt 0032
// Exported by ParaEngine X file exporter V0.2
ParaXHeader header{
112,97,114,97;
1,0,0,0;
1;
0;
-0.050000;-0.500000;-0.050000;;
0.050000;-0.400000;0.050000;;
3;
}
Mesh mesh_object{
110; // 110 vertices 
0.000000;-0.111808;-0.046025;,
-0.007713;-0.285770;-0.005520;,
-0.009562;-0.108404;-0.037103;,
0.000000;-0.286671;-0.013170;,
-0.009562;-0.108404;-0.037103;,
0.000000;-0.284869;0.002141;,
0.000000;-0.104995;-0.028169;,
-0.007713;-0.285770;-0.005520;,
0.009562;-0.108404;-0.037103;,
0.007713;-0.285770;-0.005520;,
0.007713;-0.285770;-0.005520;,
0.009562;-0.108404;-0.037103;,
0.000000;0.036851;-0.103768;,
-0.010516;0.040594;-0.093956;,
-0.005229;-0.480601;-0.000009;,
-0.000000;-0.480601;-0.005231;,
-0.010516;0.040594;-0.093956;,
0.000000;0.044343;-0.084130;,
-0.000000;-0.480601;0.005219;,
-0.005229;-0.480601;-0.000009;,
0.010516;0.040594;-0.093956;,
0.005229;-0.480601;-0.000009;,
0.010516;0.040594;-0.093956;,
0.005229;-0.480601;-0.000009;,
0.000000;0.138890;-0.151140;,
-0.030029;0.082655;-0.178436;,
-0.060058;0.108989;-0.133584;,
0.030029;0.082655;-0.178436;,
0.060058;0.108989;-0.133584;,
0.030029;0.135323;-0.088732;,
-0.030029;0.135323;-0.088732;,
-0.019638;0.030486;-0.126936;,
-0.060058;0.108989;-0.133584;,
-0.030029;0.082655;-0.178436;,
-0.039276;0.047708;-0.097604;,
0.019638;0.030486;-0.126936;,
0.030029;0.082655;-0.178436;,
0.039276;0.047708;-0.097604;,
0.060058;0.108989;-0.133584;,
0.019638;0.064930;-0.068272;,
0.030029;0.135323;-0.088732;,
-0.019638;0.064930;-0.068272;,
-0.030029;0.135323;-0.088732;,
0.000000;0.028153;-0.086123;,
0.126113;0.196052;-0.048979;,
-0.124949;0.107964;-0.126547;,
-0.124588;0.196101;-0.048404;,
0.125752;0.107915;-0.127122;,
0.145577;0.065895;-0.256817;,
0.031827;0.165340;-0.024179;,
0.145577;0.192737;-0.047216;,
0.031827;0.038497;-0.233779;,
-0.034384;0.165115;-0.024111;,
-0.146470;0.065881;-0.256813;,
-0.146470;0.192724;-0.047213;,
-0.034384;0.038272;-0.233711;,
-0.123987;0.100054;-0.139765;,
0.126113;0.065226;-0.263961;,
-0.124587;0.065406;-0.263186;,
0.126713;0.099874;-0.140540;,
0.041780;-0.325716;0.085312;,
0.181228;-0.266099;-0.074024;,
0.061111;-0.337206;-0.082967;,
0.161896;-0.254609;0.094256;,
-0.017575;-0.486906;0.076369;,
0.004913;-0.486906;-0.091911;,
-0.090943;-0.324794;-0.093667;,
-0.214383;-0.259016;0.076109;,
-0.090943;-0.324794;0.076109;,
-0.214383;-0.259016;-0.093667;,
0.008673;-0.486906;-0.093667;,
0.008673;-0.486906;0.076109;,
-0.112886;-0.352215;0.101868;,
0.097922;-0.259440;0.260324;,
0.099590;-0.316036;0.091819;,
-0.114553;-0.295619;0.270372;,
-0.111218;-0.490842;-0.013190;,
0.031464;-0.455925;-0.035551;,
0.056232;-0.396972;-0.116835;,
-0.125406;-0.320667;-0.214677;,
-0.107383;-0.366126;-0.083632;,
0.038209;-0.351513;-0.247880;,
0.074256;-0.479121;-0.004795;,
-0.089359;-0.461512;0.036965;,
-0.027306;-0.361409;-0.195893;,
-0.288422;-0.411107;-0.109266;,
-0.136150;-0.415628;-0.017654;,
-0.179578;-0.356888;-0.287504;,
0.095159;-0.490842;-0.121284;,
-0.012506;-0.471934;0.063253;,
0.118002;-0.373585;0.124871;,
0.283804;-0.238070;-0.054854;,
0.133228;-0.327488;-0.085365;,
0.268578;-0.284167;0.155382;,
-0.006635;-0.502098;0.108738;,
0.002810;-0.471934;-0.104702;,
-0.171231;-0.395118;-0.056877;,
-0.196969;-0.259604;0.186287;,
-0.057950;-0.349021;0.120881;,
-0.310250;-0.305701;0.008528;,
-0.061606;-0.512376;-0.118334;,
0.058226;-0.482211;0.058544;,
0.259327;0.010598;-0.217660;,
0.259327;0.137441;-0.008060;,
-0.258556;0.137638;-0.008121;,
-0.258556;0.010796;-0.217721;,
0.126474;0.202344;0.084530;,
-0.124227;0.202393;0.085106;,
-0.125187;-0.051087;-0.331240;,
0.125513;-0.051267;-0.332015;;

92; // 92 faces 
3;0,1,2;,
3;1,0,3;,
3;4,5,6;,
3;5,4,7;,
3;8,3,0;,
3;3,8,9;,
3;6,10,11;,
3;10,6,5;,
3;12,2,13;,
3;2,12,0;,
3;14,3,15;,
3;3,14,1;,
3;16,6,17;,
3;6,16,4;,
3;18,7,19;,
3;7,18,5;,
3;20,0,12;,
3;0,20,8;,
3;15,9,21;,
3;9,15,3;,
3;17,11,22;,
3;11,17,6;,
3;23,5,18;,
3;5,23,10;,
3;24,25,26;,
3;24,27,25;,
3;24,28,27;,
3;24,29,28;,
3;24,30,29;,
3;24,26,30;,
3;31,32,33;,
3;32,31,34;,
3;35,33,36;,
3;33,35,31;,
3;37,36,38;,
3;36,37,35;,
3;39,38,40;,
3;38,39,37;,
3;41,40,42;,
3;40,41,39;,
3;34,42,32;,
3;42,34,41;,
3;43,34,31;,
3;43,31,35;,
3;43,35,37;,
3;43,37,39;,
3;43,39,41;,
3;43,41,34;,
3;44,45,46;,
3;45,44,47;,
3;48,49,50;,
3;49,48,51;,
3;52,53,54;,
3;53,52,55;,
3;56,57,58;,
3;57,56,59;,
3;60,61,62;,
3;61,60,63;,
3;64,62,65;,
3;62,64,60;,
3;66,67,68;,
3;67,66,69;,
3;70,68,71;,
3;68,70,66;,
3;72,73,74;,
3;73,72,75;,
3;76,74,77;,
3;74,76,72;,
3;78,79,80;,
3;79,78,81;,
3;82,80,83;,
3;80,82,78;,
3;84,85,86;,
3;85,84,87;,
3;88,86,89;,
3;86,88,84;,
3;90,91,92;,
3;91,90,93;,
3;94,92,95;,
3;92,94,90;,
3;96,97,98;,
3;97,96,99;,
3;100,98,101;,
3;98,100,96;,
3;102,50,103;,
3;50,102,48;,
3;104,53,105;,
3;53,104,54;,
3;106,46,107;,
3;46,106,44;,
3;108,57,109;,
3;57,108,58;;

MeshNormals {
110; // 110 normals 
-0.000087;-0.387213;-0.921990;,
-0.704046;-0.113723;-0.700989;,
-0.691380;-0.271087;-0.669706;,
-0.000143;-0.166264;-0.986081;,
-0.692390;0.265586;0.670865;,
0.000158;0.128292;0.991736;,
0.000130;0.354796;0.934944;,
-0.705351;0.095197;0.702436;,
0.691540;-0.270779;-0.669665;,
0.704217;-0.113981;-0.700776;,
0.705100;0.095662;0.702626;,
0.692239;0.265296;0.671135;,
0.000000;-0.490886;-0.871224;,
-0.682323;-0.358862;-0.636909;,
-0.705959;-0.041989;-0.707007;,
-0.000028;-0.059337;-0.998238;,
-0.684225;0.348285;0.640729;,
0.000000;0.477579;0.878589;,
0.000064;0.022674;0.999743;,
-0.707017;0.015928;0.707017;,
0.682323;-0.358862;-0.636909;,
0.705995;-0.042067;-0.706966;,
0.684225;0.348285;0.640729;,
0.706926;0.016127;0.707104;,
-0.000000;0.898825;-0.438308;,
-0.466778;-0.130757;-0.874655;,
-0.948840;0.269616;-0.164346;,
0.466778;-0.130757;-0.874655;,
0.948840;0.269616;-0.164346;,
0.463754;0.705687;0.535665;,
-0.463754;0.705687;0.535666;,
-0.354263;-0.896001;-0.267731;,
-0.948840;0.269616;-0.164346;,
-0.466778;-0.130757;-0.874655;,
-0.780049;-0.550674;0.297122;,
0.354263;-0.896001;-0.267731;,
0.466778;-0.130757;-0.874655;,
0.780049;-0.550674;0.297121;,
0.948840;0.269616;-0.164346;,
0.397080;-0.163279;0.903143;,
0.463754;0.705687;0.535665;,
-0.397080;-0.163279;0.903143;,
-0.463754;0.705687;0.535666;,
-0.000000;-0.898825;0.438308;,
-0.000652;0.940579;-0.339574;,
-0.001303;0.789443;-0.613822;,
-0.000653;0.940428;-0.339993;,
-0.001303;0.789443;-0.613822;,
0.088257;0.919305;-0.383523;,
-0.225277;0.899182;-0.375128;,
0.099255;0.918349;-0.383124;,
-0.225277;0.899183;-0.375128;,
0.229757;0.898217;-0.374725;,
-0.087947;0.919330;-0.383533;,
-0.099216;0.918352;-0.383125;,
0.229757;0.898217;-0.374725;,
-0.000100;0.981783;-0.190005;,
-0.001132;0.863351;-0.504602;,
-0.001135;0.862789;-0.505563;,
-0.000100;0.981783;-0.190005;,
-0.656309;0.746353;-0.110525;,
-0.370942;0.924653;-0.086136;,
-0.661526;0.741979;-0.108858;,
-0.370942;0.924653;-0.086136;,
-0.870043;0.478158;-0.119964;,
-0.868042;0.482749;-0.116002;,
0.562504;0.826795;0.000000;,
0.344821;0.938668;0.000000;,
0.562504;0.826795;0.000000;,
0.344821;0.938668;0.000000;,
0.746492;0.665395;0.000000;,
0.746492;0.665395;0.000000;,
-0.125169;0.888327;-0.441824;,
-0.124083;0.966426;-0.224998;,
-0.145521;0.912403;-0.382549;,
-0.124083;0.966426;-0.224998;,
-0.161592;0.793703;-0.586450;,
-0.220266;0.830763;-0.511191;,
0.184672;0.931475;0.313449;,
0.167368;0.963818;0.207468;,
0.179091;0.928614;0.324965;,
0.167368;0.963818;0.207468;,
0.191066;0.881837;0.431112;,
0.179774;0.874705;0.450080;,
0.144329;0.947073;0.286743;,
-0.076078;0.984192;0.159932;,
0.121646;0.973591;0.193190;,
-0.076078;0.984192;0.159932;,
0.326608;0.903706;0.276844;,
0.251441;0.964679;0.078560;,
-0.492230;0.865251;0.095139;,
-0.395465;0.911965;0.109208;,
-0.502598;0.860244;0.085879;,
-0.395465;0.911965;0.109208;,
-0.595580;0.800475;0.067266;,
-0.610775;0.790227;0.049961;,
0.321711;0.875125;-0.361466;,
0.252088;0.911965;-0.323683;,
0.337111;0.869807;-0.360267;,
0.252088;0.911965;-0.323683;,
0.407982;0.823617;-0.393962;,
0.433500;0.812755;-0.389239;,
0.404139;0.844180;-0.352182;,
0.404139;0.844180;-0.352182;,
-0.408059;0.842572;-0.351511;,
-0.408059;0.842572;-0.351511;,
0.000061;0.999472;-0.032474;,
0.000061;0.999472;-0.032474;,
-0.002038;0.646512;-0.762901;,
-0.002038;0.646512;-0.762901;;

92; // 92 faces 
3;0,1,2;,
3;1,0,3;,
3;4,5,6;,
3;5,4,7;,
3;8,3,0;,
3;3,8,9;,
3;6,10,11;,
3;10,6,5;,
3;12,2,13;,
3;2,12,0;,
3;14,3,15;,
3;3,14,1;,
3;16,6,17;,
3;6,16,4;,
3;18,7,19;,
3;7,18,5;,
3;20,0,12;,
3;0,20,8;,
3;15,9,21;,
3;9,15,3;,
3;17,11,22;,
3;11,17,6;,
3;23,5,18;,
3;5,23,10;,
3;24,25,26;,
3;24,27,25;,
3;24,28,27;,
3;24,29,28;,
3;24,30,29;,
3;24,26,30;,
3;31,32,33;,
3;32,31,34;,
3;35,33,36;,
3;33,35,31;,
3;37,36,38;,
3;36,37,35;,
3;39,38,40;,
3;38,39,37;,
3;41,40,42;,
3;40,41,39;,
3;34,42,32;,
3;42,34,41;,
3;43,34,31;,
3;43,31,35;,
3;43,35,37;,
3;43,37,39;,
3;43,39,41;,
3;43,41,34;,
3;44,45,46;,
3;45,44,47;,
3;48,49,50;,
3;49,48,51;,
3;52,53,54;,
3;53,52,55;,
3;56,57,58;,
3;57,56,59;,
3;60,61,62;,
3;61,60,63;,
3;64,62,65;,
3;62,64,60;,
3;66,67,68;,
3;67,66,69;,
3;70,68,71;,
3;68,70,66;,
3;72,73,74;,
3;73,72,75;,
3;76,74,77;,
3;74,76,72;,
3;78,79,80;,
3;79,78,81;,
3;82,80,83;,
3;80,82,78;,
3;84,85,86;,
3;85,84,87;,
3;88,86,89;,
3;86,88,84;,
3;90,91,92;,
3;91,90,93;,
3;94,92,95;,
3;92,94,90;,
3;96,97,98;,
3;97,96,99;,
3;100,98,101;,
3;98,100,96;,
3;102,50,103;,
3;50,102,48;,
3;104,53,105;,
3;53,104,54;,
3;106,46,107;,
3;46,106,44;,
3;108,57,109;,
3;57,108,58;;
}
MeshMaterialList {
 1; // Number of unique materials
 92; // Number of faces
0,0,0,0,0,0,0,0,0,0,0,0,0,0,0,0,0,0,0,0,0,0,0,0,0,0,0,0,0,0,0,0,0,0,0,0,0,0,0,0,0,0,0,0,0,0,0,0,0,0,0,0,0,0,0,0,0,0,0,0,0,0,0,0,0,0,0,0,0,0,0,0,0,0,0,0,0,0,0,0,0,0,0,0,0,0,0,0,0,0,0,0;;
Material {
0.588235;0.588235;0.588235;1.000000;;
131000.0;
0.900000;0.900000;0.900000;;
1.000000;0.000000;0.000000;;
TextureFilename {"model/04deco/v5/blockworld/05plants/03flower/Flower01.dds";}
}
}// materials
MeshTextureCoords {
110; // 110 UV
0.969838;-0.834835;,
0.991055;-0.680347;,
0.991055;-0.834835;,
0.969838;-0.680347;,
0.991055;-0.834835;,
0.969838;-0.680347;,
0.969838;-0.834835;,
0.991055;-0.680347;,
0.947774;-0.834835;,
0.947774;-0.680347;,
0.947774;-0.680347;,
0.947774;-0.834835;,
0.969838;-0.991818;,
0.991055;-0.991818;,
0.991055;-0.522460;,
0.969838;-0.522460;,
0.991055;-0.991818;,
0.969838;-0.991818;,
0.969838;-0.522460;,
0.991055;-0.522460;,
0.947774;-0.991818;,
0.947774;-0.522460;,
0.947774;-0.991818;,
0.947774;-0.522460;,
0.164158;-0.858207;,
0.241526;-0.992213;,
0.318895;-0.858207;,
0.086790;-0.992213;,
0.009421;-0.858207;,
0.086790;-0.724201;,
0.241526;-0.724201;,
0.209479;-0.572084;,
0.322739;-0.710021;,
0.223410;-0.710021;,
0.273857;-0.533595;,
0.116562;-0.571678;,
0.105238;-0.710021;,
0.056443;-0.532647;,
0.006125;-0.710021;,
0.116562;-0.571678;,
0.105238;-0.710021;,
0.209479;-0.572084;,
0.223410;-0.710021;,
0.165282;-0.502851;,
0.672320;-0.755584;,
0.333395;-0.524465;,
0.333395;-0.755584;,
0.672320;-0.524465;,
0.672320;-0.755584;,
0.333395;-0.524465;,
0.333395;-0.755584;,
0.672320;-0.524465;,
0.333395;-0.524465;,
0.672320;-0.755584;,
0.333395;-0.755584;,
0.672320;-0.524465;,
0.333395;-0.524465;,
0.672320;-0.755584;,
0.333395;-0.755584;,
0.672320;-0.524465;,
0.684226;-0.258969;,
0.991592;-0.512196;,
0.991592;-0.258969;,
0.684226;-0.512196;,
0.684226;-0.005742;,
0.991592;-0.005742;,
0.684226;-0.258969;,
0.991592;-0.512196;,
0.991592;-0.258969;,
0.684226;-0.512196;,
0.684226;-0.005742;,
0.991592;-0.005742;,
0.684226;-0.258969;,
0.991592;-0.512196;,
0.991592;-0.258969;,
0.684226;-0.512196;,
0.684226;-0.005742;,
0.991592;-0.005742;,
0.684226;-0.258969;,
0.991592;-0.512196;,
0.991592;-0.258969;,
0.684226;-0.512196;,
0.684226;-0.005742;,
0.991592;-0.005742;,
0.684226;-0.258969;,
0.991592;-0.512196;,
0.991592;-0.258969;,
0.684226;-0.512196;,
0.684226;-0.005742;,
0.991592;-0.005742;,
0.684226;-0.258969;,
0.991592;-0.512196;,
0.991592;-0.258969;,
0.684226;-0.512196;,
0.684226;-0.005742;,
0.991592;-0.005742;,
0.684226;-0.258969;,
0.991592;-0.512196;,
0.991592;-0.258969;,
0.684226;-0.512196;,
0.684226;-0.005742;,
0.991592;-0.005742;,
0.672320;-0.986704;,
0.333395;-0.986704;,
0.333395;-0.986704;,
0.672320;-0.986704;,
0.672320;-0.986704;,
0.333395;-0.986704;,
0.333395;-0.986704;,
0.672320;-0.986704;;
}// UV
}// mesh
