xof 0303txt 0032
// Exported by ParaEngine X file exporter V0.2
ParaXHeader header{
112,97,114,97;
1,0,0,0;
1;
0;
-0.500000;-0.500000;-0.500000;;
0.500000;0.500000;0.500000;;
3;
}
Mesh mesh_object{
50; // 50 vertices 
-0.500000;-0.002593;0.500000;,
-0.000000;0.500000;0.500000;,
-0.500000;0.500000;0.500000;,
-0.000000;-0.002593;0.500000;,
-0.500000;-0.002593;-0.500000;,
-0.000000;0.500000;-0.500000;,
-0.000000;-0.002593;-0.500000;,
-0.500000;0.500000;-0.500000;,
-0.000000;-0.002593;0.500000;,
-0.000000;0.500000;-0.500000;,
-0.000000;0.500000;0.500000;,
-0.000000;-0.002593;-0.500000;,
-0.000000;0.500000;0.500000;,
-0.500000;0.500000;-0.500000;,
-0.500000;0.500000;0.500000;,
-0.000000;0.500000;-0.500000;,
-0.500000;0.500000;0.500000;,
-0.500000;-0.002593;-0.500000;,
-0.500000;-0.002593;0.500000;,
-0.500000;0.500000;-0.500000;,
0.500000;-0.002593;-0.500000;,
-0.000000;-0.500000;-0.500000;,
-0.000000;-0.002593;-0.500000;,
0.500000;-0.500000;-0.500000;,
-0.000000;-0.500000;0.500000;,
0.500000;-0.002593;0.500000;,
-0.000000;-0.002593;0.500000;,
0.500000;-0.500000;0.500000;,
-0.000000;-0.500000;-0.500000;,
0.500000;-0.500000;0.500000;,
-0.000000;-0.500000;0.500000;,
0.500000;-0.500000;-0.500000;,
-0.500000;-0.500000;-0.500000;,
-0.500000;-0.002593;0.500000;,
-0.500000;-0.002593;-0.500000;,
-0.500000;-0.500000;0.500000;,
0.500000;-0.002593;-0.500000;,
0.500000;-0.500000;0.500000;,
0.500000;-0.500000;-0.500000;,
0.500000;-0.002593;0.500000;,
-0.500000;-0.002593;-0.500000;,
-0.500000;-0.500000;-0.500000;,
-0.500000;-0.500000;0.500000;,
-0.500000;-0.002593;0.500000;,
-0.500000;-0.500000;-0.500000;,
-0.500000;-0.500000;0.500000;,
0.500000;-0.002593;-0.500000;,
-0.000000;-0.002593;0.500000;,
0.500000;-0.002593;0.500000;,
-0.000000;-0.002593;-0.500000;;

28; // 28 faces 
3;0,1,2;,
3;1,0,3;,
3;4,5,6;,
3;5,4,7;,
3;8,9,10;,
3;9,8,11;,
3;12,13,14;,
3;13,12,15;,
3;16,17,18;,
3;17,16,19;,
3;20,21,22;,
3;21,20,23;,
3;24,25,26;,
3;25,24,27;,
3;28,29,30;,
3;29,28,31;,
3;32,33,34;,
3;33,32,35;,
3;36,37,38;,
3;37,36,39;,
3;40,21,41;,
3;21,40,22;,
3;42,26,43;,
3;26,42,24;,
3;44,30,45;,
3;30,44,28;,
3;46,47,48;,
3;47,46,49;;

MeshNormals {
50; // 50 normals 
0.000000;0.000000;1.000000;,
0.000000;0.000000;1.000000;,
0.000000;0.000000;1.000000;,
0.000000;0.000000;1.000000;,
0.000000;-0.000000;-1.000000;,
-0.000000;-0.000000;-1.000000;,
-0.000000;0.000000;-1.000000;,
0.000000;-0.000000;-1.000000;,
1.000000;0.000000;-0.000000;,
1.000000;-0.000000;-0.000000;,
1.000000;0.000000;0.000000;,
1.000000;-0.000000;-0.000000;,
0.000000;1.000000;0.000000;,
0.000000;1.000000;0.000000;,
0.000000;1.000000;0.000000;,
0.000000;1.000000;0.000000;,
-1.000000;-0.000000;0.000000;,
-1.000000;0.000001;0.000000;,
-1.000000;-0.000000;0.000000;,
-1.000000;0.000001;0.000000;,
0.000000;0.000000;-1.000000;,
-0.000000;-0.000000;-1.000000;,
-0.000000;-0.000000;-1.000000;,
0.000000;0.000000;-1.000000;,
0.000000;0.000000;1.000000;,
0.000000;0.000000;1.000000;,
0.000000;0.000000;1.000000;,
0.000000;0.000000;1.000000;,
0.000000;-1.000000;-0.000000;,
0.000000;-1.000000;-0.000000;,
0.000000;-1.000000;-0.000000;,
0.000000;-1.000000;-0.000000;,
-1.000000;-0.000000;0.000000;,
-1.000000;-0.000000;0.000000;,
-1.000000;-0.000000;0.000000;,
-1.000000;-0.000000;0.000000;,
1.000000;0.000000;-0.000000;,
1.000000;0.000000;-0.000000;,
1.000000;0.000000;-0.000000;,
1.000000;0.000000;-0.000000;,
-0.000000;-0.000000;-1.000000;,
-0.000000;-0.000000;-1.000000;,
0.000000;0.000000;1.000000;,
0.000000;0.000000;1.000000;,
0.000000;-1.000000;-0.000000;,
-0.000000;-1.000000;-0.000000;,
0.000000;1.000000;0.000000;,
0.000000;1.000000;0.000000;,
0.000000;1.000000;0.000000;,
0.000000;1.000000;0.000000;;

28; // 28 faces 
3;0,1,2;,
3;1,0,3;,
3;4,5,6;,
3;5,4,7;,
3;8,9,10;,
3;9,8,11;,
3;12,13,14;,
3;13,12,15;,
3;16,17,18;,
3;17,16,19;,
3;20,21,22;,
3;21,20,23;,
3;24,25,26;,
3;25,24,27;,
3;28,29,30;,
3;29,28,31;,
3;32,33,34;,
3;33,32,35;,
3;36,37,38;,
3;37,36,39;,
3;40,21,41;,
3;21,40,22;,
3;42,26,43;,
3;26,42,24;,
3;44,30,45;,
3;30,44,28;,
3;46,47,48;,
3;47,46,49;;
}
MeshMaterialList {
 1; // Number of unique materials
 28; // Number of faces
0,0,0,0,0,0,0,0,0,0,0,0,0,0,0,0,0,0,0,0,0,0,0,0,0,0,0,0;;
Material {
0.588000;0.588000;0.588000;1.000000;;
0.0;
0.900000;0.900000;0.900000;;
1.000000;0.000000;0.000000;;
TextureFilename {"Texture/blocks/stone.png";}
}
}// materials
MeshTextureCoords {
50; // 50 UV
0.999500;-0.497410;,
0.500000;-0.999501;,
0.999500;-0.999501;,
0.500000;-0.497410;,
0.000499;-0.497410;,
0.500000;-0.999501;,
0.500000;-0.497410;,
0.000500;-0.999501;,
0.999500;-0.007858;,
0.000500;-0.510965;,
0.999500;-0.510964;,
0.000500;-0.007858;,
0.999500;-0.510964;,
0.000500;-1.010465;,
0.999501;-1.010464;,
0.000500;-0.510965;,
0.000500;-0.999501;,
0.999500;-0.497410;,
0.000500;-0.497410;,
0.999500;-0.999501;,
0.999500;-0.497410;,
0.500000;-0.000500;,
0.500000;-0.497410;,
0.999500;-0.000500;,
0.500000;-0.000499;,
0.000499;-0.497410;,
0.500000;-0.497410;,
0.000499;-0.000499;,
0.500000;-0.000500;,
0.000499;-0.999500;,
0.500000;-0.999500;,
0.000500;-0.000499;,
0.999500;-0.000500;,
0.000500;-0.497410;,
0.999500;-0.497410;,
0.000500;-0.000499;,
0.000500;0.477134;,
0.999500;0.985973;,
0.000500;0.985973;,
0.999500;0.477134;,
0.000499;-0.497410;,
0.000500;-0.000500;,
0.999500;-0.000499;,
0.999500;-0.497410;,
0.999501;-0.000500;,
0.999500;-0.999501;,
0.000500;0.477134;,
0.999500;-0.007858;,
0.999500;0.477134;,
0.000500;-0.007858;;
}// UV
}// mesh
