xof 0303txt 0032
// Exported by ParaEngine X file exporter V0.2
ParaXHeader header{
112,97,114,97;
1,0,0,0;
1;
0;
-0.050000;-0.500000;-0.050000;;
0.050000;-0.400000;0.050000;;
3;
}
Mesh mesh_object{
178; // 178 vertices 
-0.165014;-0.274163;-0.076168;,
-0.032287;-0.506270;-0.170798;,
-0.073367;-0.274163;-0.191212;,
-0.135935;-0.506270;-0.040690;,
-0.246774;-0.221054;-0.127905;,
-0.173255;-0.221054;-0.220192;,
-0.298291;-0.165418;-0.218417;,
-0.173255;-0.221054;-0.220192;,
-0.249747;-0.165418;-0.279354;,
-0.246774;-0.221054;-0.127905;,
-0.418438;-0.161102;-0.316194;,
-0.394918;-0.178735;-0.355369;,
-0.460712;-0.097016;-0.382029;,
0.083216;-0.509839;0.055405;,
0.096962;-0.288562;-0.051092;,
0.127240;-0.288562;0.026402;,
0.039281;-0.508229;-0.057399;,
0.199654;-0.200345;-0.076098;,
0.219885;-0.200345;-0.024318;,
0.199654;-0.200345;-0.076098;,
0.316902;-0.178047;-0.079903;,
0.219885;-0.200345;-0.024318;,
0.307971;-0.178047;-0.102759;,
0.362749;-0.103040;-0.095140;,
0.160013;-0.335704;0.053963;,
0.015467;-0.507300;0.129315;,
0.053327;-0.335704;0.155217;,
0.136123;-0.507300;0.014802;,
0.207290;-0.207246;0.131854;,
0.128645;-0.207246;0.206496;,
0.128645;-0.207246;0.206496;,
0.306148;-0.131878;0.270361;,
0.207290;-0.207246;0.131854;,
0.261801;-0.131878;0.312450;,
0.053845;-0.226889;0.234310;,
-0.104002;-0.505398;0.095949;,
-0.093241;-0.206167;0.202754;,
0.063475;-0.505216;0.122284;,
0.045789;-0.156382;0.292662;,
-0.047262;-0.122752;0.292662;,
-0.003678;-0.079158;0.409396;,
0.045789;-0.156382;0.292662;,
-0.047262;-0.122752;0.292662;,
0.016104;-0.097807;0.409396;,
-0.042162;-0.036907;0.439876;,
0.212941;-0.398272;-0.103120;,
0.134274;-0.505856;0.027666;,
0.222950;-0.374521;0.012128;,
0.122954;-0.505856;-0.102673;,
0.313213;-0.377356;-0.100913;,
0.321242;-0.353605;-0.008462;,
0.321242;-0.353605;-0.008462;,
0.419187;-0.316308;-0.090150;,
0.313213;-0.377356;-0.100913;,
0.423730;-0.292557;-0.037836;,
-0.090365;-0.395975;-0.169999;,
0.058233;-0.506097;-0.172483;,
0.039547;-0.395975;-0.214378;,
-0.104527;-0.506097;-0.138127;,
-0.081129;-0.233492;-0.294694;,
-0.000985;-0.292486;-0.331223;,
-0.072144;-0.204182;-0.368538;,
-0.000985;-0.292486;-0.331223;,
-0.032218;-0.268604;-0.389494;,
-0.081129;-0.233492;-0.294694;,
-0.108570;-0.295322;-0.417912;,
-0.082631;-0.313431;-0.424894;,
-0.113885;-0.289730;-0.504406;,
0.119751;-0.263653;-0.166317;,
-0.036218;-0.508077;-0.081179;,
0.122507;-0.508077;-0.031405;,
0.025583;-0.226708;-0.200060;,
0.078331;-0.234947;-0.273518;,
0.119751;-0.263653;-0.166317;,
0.142196;-0.261497;-0.249278;,
0.025583;-0.226708;-0.200060;,
0.121044;-0.181376;-0.320570;,
0.156360;-0.221636;-0.305283;,
0.203362;-0.245547;-0.376029;,
-0.144998;-0.146313;0.070309;,
-0.114420;-0.216943;-0.045490;,
-0.175382;-0.166829;-0.038520;,
-0.088503;-0.210151;0.067132;,
-0.292037;0.047195;-0.026165;,
-0.254551;-0.087048;0.062583;,
-0.297795;-0.112006;-0.019682;,
-0.276501;0.067044;0.033023;,
-0.366575;0.099940;0.032087;,
-0.292037;0.047195;-0.026165;,
-0.371355;0.099940;-0.011170;,
-0.276501;0.067044;0.033023;,
-0.404383;0.043394;0.033566;,
-0.407505;0.043394;0.005318;,
-0.372727;0.002040;0.034712;,
-0.069239;-0.505856;-0.064709;,
-0.055639;-0.505856;0.058372;,
-0.134493;-0.276971;0.156801;,
-0.155883;-0.504755;0.027718;,
-0.091725;-0.504755;0.141324;,
-0.191222;-0.276971;0.056349;,
-0.228601;-0.172131;0.189312;,
-0.270420;-0.172131;0.115262;,
-0.396690;-0.152416;0.211881;,
-0.228601;-0.172131;0.189312;,
-0.373109;-0.152416;0.253637;,
-0.270420;-0.172131;0.115262;,
0.174203;-0.402498;0.034446;,
0.124393;-0.505790;0.126719;,
0.153583;-0.505790;0.022164;,
0.148393;-0.402498;0.126895;,
0.190604;-0.320284;0.051436;,
0.169898;-0.320284;0.125597;,
0.237778;-0.261095;0.131743;,
0.190604;-0.320284;0.051436;,
0.250285;-0.261095;0.086945;,
0.169898;-0.320284;0.125597;,
0.117264;-0.443988;0.140815;,
0.010841;-0.505464;0.146818;,
0.043100;-0.478756;0.171344;,
0.113103;-0.505464;0.110398;,
0.091791;-0.395058;0.169713;,
0.055059;-0.429825;0.194937;,
0.074491;-0.365298;0.244562;,
0.055059;-0.429825;0.194937;,
0.045621;-0.395814;0.264507;,
0.091791;-0.395058;0.169713;,
0.074679;-0.354362;0.325991;,
0.064202;-0.384877;0.339385;,
0.077719;-0.358422;0.393301;,
-0.061156;-0.048077;-0.106628;,
0.096800;-0.027901;0.120324;,
-0.089417;0.049430;-0.108730;,
0.094954;-0.132554;0.087057;,
0.037093;-0.310305;-0.156726;,
-0.113420;-0.226754;-0.202027;,
0.038436;-0.223535;-0.212692;,
-0.082376;-0.297255;-0.156706;,
0.064573;-0.443988;-0.188652;,
0.125733;-0.505464;-0.101351;,
0.040910;-0.505464;-0.169093;,
0.144165;-0.478756;-0.118169;,
0.090400;-0.421555;-0.201836;,
0.143345;-0.429825;-0.164283;,
0.131951;-0.402050;-0.242199;,
0.143345;-0.429825;-0.164283;,
0.090400;-0.421555;-0.201836;,
0.164112;-0.401177;-0.228165;,
0.141678;-0.335476;-0.290263;,
0.158582;-0.337837;-0.288412;,
0.157857;-0.344302;-0.328301;,
0.180113;0.021654;0.177084;,
-0.003944;-0.477567;-0.005996;,
0.033168;0.041700;0.114769;,
0.143002;-0.497612;0.056319;,
0.101912;-0.476454;-0.047618;,
0.074227;0.020035;0.218615;,
0.037147;-0.498725;0.097941;,
0.138992;0.042307;0.073056;,
0.107735;0.497385;0.358828;,
-0.039210;0.517430;0.296513;,
0.001880;0.496273;0.400450;,
0.066645;0.518544;0.254891;,
-0.084451;0.091499;-0.199937;,
-0.116036;0.448759;-0.144771;,
-0.103340;0.100134;-0.040417;,
-0.097147;0.440125;-0.304291;,
-0.006660;0.095707;-0.099108;,
-0.179382;0.446543;-0.219764;,
-0.166660;0.098954;-0.115463;,
-0.019383;0.443296;-0.203409;,
0.061996;-0.499827;-0.070106;,
-0.098004;-0.496580;-0.086462;,
-0.015769;-0.502999;-0.170988;,
-0.034658;-0.494364;-0.011468;,
0.322355;-0.282177;0.132070;,
-0.460633;-0.229127;0.290448;,
0.497786;-0.354052;-0.072121;,
0.377207;-0.177303;0.389639;;

118; // 118 faces 
3;0,1,2;,
3;1,0,3;,
3;4,2,5;,
3;2,4,0;,
3;6,7,8;,
3;7,6,9;,
3;10,8,11;,
3;8,10,6;,
3;11,12,10;,
3;13,14,15;,
3;14,13,16;,
3;15,17,18;,
3;17,15,14;,
3;19,20,21;,
3;20,19,22;,
3;22,23,20;,
3;24,25,26;,
3;25,24,27;,
3;28,26,29;,
3;26,28,24;,
3;30,31,32;,
3;31,30,33;,
3;34,35,36;,
3;35,34,37;,
3;38,36,39;,
3;36,38,34;,
3;40,41,42;,
3;41,40,43;,
3;40,44,43;,
3;45,46,47;,
3;46,45,48;,
3;49,47,50;,
3;47,49,45;,
3;51,52,53;,
3;52,51,54;,
3;55,56,57;,
3;56,55,58;,
3;59,57,60;,
3;57,59,55;,
3;61,62,63;,
3;62,61,64;,
3;65,63,66;,
3;63,65,61;,
3;66,67,65;,
3;68,69,70;,
3;69,68,71;,
3;72,73,74;,
3;73,72,75;,
3;76,74,77;,
3;74,76,72;,
3;77,78,76;,
3;79,80,81;,
3;80,79,82;,
3;83,84,85;,
3;84,83,86;,
3;87,88,89;,
3;88,87,90;,
3;91,89,92;,
3;89,91,87;,
3;92,93,91;,
3;85,79,81;,
3;79,85,84;,
3;82,94,80;,
3;94,82,95;,
3;96,97,98;,
3;97,96,99;,
3;100,99,96;,
3;99,100,101;,
3;102,103,104;,
3;103,102,105;,
3;106,107,108;,
3;107,106,109;,
3;110,109,106;,
3;109,110,111;,
3;112,113,114;,
3;113,112,115;,
3;116,117,118;,
3;117,116,119;,
3;120,118,121;,
3;118,120,116;,
3;122,123,124;,
3;123,122,125;,
3;126,124,127;,
3;124,126,122;,
3;127,128,126;,
3;129,130,131;,
3;130,129,132;,
3;133,134,135;,
3;134,133,136;,
3;137,138,139;,
3;138,137,140;,
3;141,140,137;,
3;140,141,142;,
3;143,144,145;,
3;144,143,146;,
3;147,146,143;,
3;146,147,148;,
3;148,147,149;,
3;150,151,152;,
3;151,150,153;,
3;154,155,156;,
3;155,154,157;,
3;158,152,159;,
3;152,158,150;,
3;157,160,155;,
3;160,157,161;,
3;162,163,164;,
3;163,162,165;,
3;166,167,168;,
3;167,166,169;,
3;170,168,171;,
3;168,170,166;,
3;172,164,173;,
3;164,172,162;,
3;112,114,174;,
3;102,104,175;,
3;52,54,176;,
3;31,33,177;;

MeshNormals {
178; // 178 normals 
0.629061;0.594266;0.501130;,
0.767946;0.189722;0.611772;,
0.660628;0.535354;0.526276;,
0.767946;0.189722;0.611772;,
0.383559;0.871503;0.305555;,
0.383469;0.871568;0.305484;,
0.231186;0.955319;0.184171;,
0.383469;0.871568;0.305484;,
0.234481;0.961573;0.142816;,
0.383559;0.871503;0.305555;,
0.429414;0.900097;-0.073678;,
0.417314;0.895842;-0.152694;,
0.744350;0.649682;0.154452;,
0.906435;-0.227549;-0.355804;,
0.805037;-0.502742;-0.314907;,
0.801700;-0.509076;-0.313240;,
0.906230;-0.227732;-0.356210;,
0.420513;-0.892285;-0.164304;,
0.421463;-0.891768;-0.164675;,
0.420513;-0.892285;-0.164304;,
0.513667;-0.834186;-0.200700;,
0.421463;-0.891768;-0.164675;,
0.478115;-0.858200;-0.186810;,
0.783356;-0.540992;-0.306073;,
-0.628384;0.408376;-0.662090;,
-0.666029;0.252876;-0.701754;,
-0.628384;0.408376;-0.662090;,
-0.666029;0.252876;-0.701754;,
-0.451267;0.755173;-0.475471;,
-0.451266;0.755173;-0.475470;,
-0.451266;0.755173;-0.475470;,
-0.062973;0.995807;-0.066350;,
-0.451267;0.755173;-0.475471;,
-0.062973;0.995807;-0.066350;,
0.232051;0.486274;-0.842431;,
0.173557;0.357511;-0.917641;,
0.245347;0.465786;-0.850205;,
0.143678;0.373788;-0.916318;,
0.292772;0.732290;-0.614846;,
0.271444;0.751079;-0.601830;,
0.626342;0.752746;-0.202655;,
0.292772;0.732290;-0.614846;,
0.271444;0.751079;-0.601830;,
0.674680;0.715679;-0.180584;,
0.679090;0.720358;-0.141143;,
-0.573906;0.814626;-0.083768;,
-0.796467;0.604411;0.018114;,
-0.561591;0.816785;-0.132200;,
-0.765217;0.640333;0.066459;,
-0.332960;0.923022;-0.192790;,
-0.373068;0.901107;-0.220969;,
-0.373068;0.901107;-0.220969;,
-0.104792;0.924316;-0.366959;,
-0.332960;0.923022;-0.192790;,
-0.153490;0.904706;-0.397427;,
0.253061;0.425370;0.868919;,
0.256089;0.325030;0.910370;,
0.349993;0.510063;0.785710;,
0.200055;0.248574;0.947728;,
0.580185;0.668868;0.464758;,
0.705198;0.664132;0.248244;,
0.663032;0.697927;-0.270715;,
0.705198;0.664132;0.248244;,
0.556035;0.562454;-0.611940;,
0.580185;0.668868;0.464758;,
0.395714;0.725826;-0.562661;,
0.381423;0.753056;-0.536118;,
0.575509;0.817608;0.017503;,
0.034708;0.750350;0.660129;,
-0.240808;0.452705;0.858527;,
-0.265111;0.463650;0.845426;,
0.092744;0.789961;0.606102;,
0.191196;0.877257;0.440299;,
0.034708;0.750350;0.660129;,
0.283409;0.872323;0.398412;,
0.092744;0.789961;0.606102;,
0.421199;0.722779;0.547889;,
0.595337;0.682946;0.423272;,
0.688705;0.689391;0.224556;,
0.553627;0.778061;-0.296847;,
0.847480;0.461689;-0.261956;,
0.474132;0.831620;-0.289147;,
0.882946;0.419112;-0.211543;,
0.804133;0.468833;-0.365468;,
0.739428;0.456002;-0.495286;,
0.745248;0.465935;-0.476980;,
0.746253;0.547014;-0.379318;,
-0.197749;0.977837;-0.068770;,
0.804133;0.468833;-0.365468;,
-0.119927;0.992694;0.013251;,
0.746253;0.547014;-0.379318;,
-0.993128;-0.040681;0.109738;,
-0.981129;0.160100;0.108411;,
-0.792183;-0.603973;0.087533;,
0.982384;0.125664;-0.138312;,
0.987585;0.112991;-0.109127;,
-0.780944;-0.442285;0.441032;,
-0.854337;-0.193189;0.482480;,
-0.854337;-0.193189;0.482480;,
-0.779488;-0.445661;0.440210;,
-0.415182;-0.879004;0.234470;,
-0.416114;-0.878422;0.234996;,
0.187657;-0.976500;-0.105979;,
-0.415182;-0.879004;0.234470;,
0.218858;-0.967897;-0.123600;,
-0.416114;-0.878422;0.234996;,
0.937586;-0.228937;0.261763;,
0.939826;-0.218814;0.262389;,
0.939826;-0.218814;0.262388;,
0.937538;-0.229149;0.261750;,
0.840274;-0.488780;0.234595;,
0.834450;-0.499418;0.232969;,
0.289198;-0.953858;0.080741;,
0.840274;-0.488780;0.234595;,
0.301138;-0.949867;0.084073;,
0.834450;-0.499418;0.232969;,
-0.422644;0.408999;-0.808759;,
-0.428837;0.684847;-0.589138;,
-0.564966;0.698791;-0.438754;,
-0.301416;0.439151;-0.846342;,
-0.674427;0.421259;-0.606373;,
-0.760933;0.470987;-0.446264;,
-0.774759;0.577312;-0.257796;,
-0.760933;0.470987;-0.446264;,
-0.806188;0.565857;-0.172819;,
-0.674427;0.421259;-0.606373;,
-0.899524;0.429306;0.080956;,
-0.922958;0.367340;0.114937;,
-0.935054;0.348813;0.063268;,
-0.794122;-0.207702;0.571166;,
-0.800060;-0.178616;0.572713;,
-0.792009;-0.217258;0.570544;,
-0.802037;-0.168040;0.573148;,
-0.051818;-0.546531;-0.835834;,
-0.054548;-0.550088;-0.833323;,
-0.047512;-0.540896;-0.839746;,
-0.061168;-0.558660;-0.827138;,
0.393791;-0.608901;-0.688599;,
0.409063;-0.586163;-0.699343;,
0.560650;-0.439148;-0.702012;,
0.327818;-0.655481;-0.680353;,
0.221894;-0.812419;-0.539202;,
0.295650;-0.765261;-0.571810;,
0.242928;-0.797882;-0.551698;,
0.295650;-0.765261;-0.571810;,
0.221894;-0.812419;-0.539202;,
0.234659;-0.808865;-0.539140;,
-0.034253;-0.925343;-0.377582;,
-0.088610;-0.924698;-0.370247;,
-0.153757;-0.974938;0.160792;,
0.406919;0.278487;-0.869978;,
0.404730;0.179601;-0.896625;,
0.406917;0.283435;-0.868380;,
0.404730;0.179601;-0.896625;,
0.911283;-0.153977;0.381908;,
0.915223;-0.078896;0.395149;,
0.911283;-0.153977;0.381908;,
0.914924;-0.091885;0.393028;,
0.404611;0.379431;-0.832059;,
0.404611;0.379431;-0.832059;,
0.914414;-0.015525;0.404483;,
0.914414;-0.015525;0.404483;,
0.989315;0.093214;0.112101;,
0.991056;0.070084;0.113559;,
0.989019;0.096561;0.111885;,
0.991056;0.070084;0.113559;,
-0.097436;0.152560;0.983479;,
-0.091843;0.283109;0.954680;,
-0.096790;0.170158;0.980652;,
-0.091844;0.283109;0.954680;,
-0.100885;0.036787;0.994218;,
-0.100885;0.036787;0.994218;,
0.986696;0.119367;0.110375;,
0.986696;0.119367;0.110375;,
-0.241070;-0.968171;-0.067303;,
0.549438;-0.775781;-0.310293;,
0.469697;0.787788;-0.398466;,
0.218909;0.948092;0.230652;;

118; // 118 faces 
3;0,1,2;,
3;1,0,3;,
3;4,2,5;,
3;2,4,0;,
3;6,7,8;,
3;7,6,9;,
3;10,8,11;,
3;8,10,6;,
3;11,12,10;,
3;13,14,15;,
3;14,13,16;,
3;15,17,18;,
3;17,15,14;,
3;19,20,21;,
3;20,19,22;,
3;22,23,20;,
3;24,25,26;,
3;25,24,27;,
3;28,26,29;,
3;26,28,24;,
3;30,31,32;,
3;31,30,33;,
3;34,35,36;,
3;35,34,37;,
3;38,36,39;,
3;36,38,34;,
3;40,41,42;,
3;41,40,43;,
3;40,44,43;,
3;45,46,47;,
3;46,45,48;,
3;49,47,50;,
3;47,49,45;,
3;51,52,53;,
3;52,51,54;,
3;55,56,57;,
3;56,55,58;,
3;59,57,60;,
3;57,59,55;,
3;61,62,63;,
3;62,61,64;,
3;65,63,66;,
3;63,65,61;,
3;66,67,65;,
3;68,69,70;,
3;69,68,71;,
3;72,73,74;,
3;73,72,75;,
3;76,74,77;,
3;74,76,72;,
3;77,78,76;,
3;79,80,81;,
3;80,79,82;,
3;83,84,85;,
3;84,83,86;,
3;87,88,89;,
3;88,87,90;,
3;91,89,92;,
3;89,91,87;,
3;92,93,91;,
3;85,79,81;,
3;79,85,84;,
3;82,94,80;,
3;94,82,95;,
3;96,97,98;,
3;97,96,99;,
3;100,99,96;,
3;99,100,101;,
3;102,103,104;,
3;103,102,105;,
3;106,107,108;,
3;107,106,109;,
3;110,109,106;,
3;109,110,111;,
3;112,113,114;,
3;113,112,115;,
3;116,117,118;,
3;117,116,119;,
3;120,118,121;,
3;118,120,116;,
3;122,123,124;,
3;123,122,125;,
3;126,124,127;,
3;124,126,122;,
3;127,128,126;,
3;129,130,131;,
3;130,129,132;,
3;133,134,135;,
3;134,133,136;,
3;137,138,139;,
3;138,137,140;,
3;141,140,137;,
3;140,141,142;,
3;143,144,145;,
3;144,143,146;,
3;147,146,143;,
3;146,147,148;,
3;148,147,149;,
3;150,151,152;,
3;151,150,153;,
3;154,155,156;,
3;155,154,157;,
3;158,152,159;,
3;152,158,150;,
3;157,160,155;,
3;160,157,161;,
3;162,163,164;,
3;163,162,165;,
3;166,167,168;,
3;167,166,169;,
3;170,168,171;,
3;168,170,166;,
3;172,164,173;,
3;164,172,162;,
3;112,114,174;,
3;102,104,175;,
3;52,54,176;,
3;31,33,177;;
}
MeshMaterialList {
 1; // Number of unique materials
 118; // Number of faces
0,0,0,0,0,0,0,0,0,0,0,0,0,0,0,0,0,0,0,0,0,0,0,0,0,0,0,0,0,0,0,0,0,0,0,0,0,0,0,0,0,0,0,0,0,0,0,0,0,0,0,0,0,0,0,0,0,0,0,0,0,0,0,0,0,0,0,0,0,0,0,0,0,0,0,0,0,0,0,0,0,0,0,0,0,0,0,0,0,0,0,0,0,0,0,0,0,0,0,0,0,0,0,0,0,0,0,0,0,0,0,0,0,0,0,0,0,0;;
Material {
0.588000;0.588000;0.588000;1.000000;;
131000.0;
0.900000;0.900000;0.900000;;
1.000000;0.000000;0.000000;;
TextureFilename {"model/04deco/v5/blockworld/05plants/02grass/Grass07.dds";}
}
}// materials
MeshTextureCoords {
178; // 178 UV
0.983912;-0.302031;,
0.811597;-0.030097;,
0.811597;-0.302031;,
0.983912;-0.030097;,
0.983912;-0.573965;,
0.811597;-0.573965;,
0.783492;-0.296264;,
0.611177;-0.024329;,
0.611177;-0.296264;,
0.783492;-0.024329;,
0.783492;-0.568198;,
0.611177;-0.568198;,
0.696648;-0.840348;,
0.387274;-0.024023;,
0.567642;-0.295958;,
0.387274;-0.295958;,
0.567642;-0.024023;,
0.567642;-0.567040;,
0.387274;-0.567040;,
0.361644;-0.024023;,
0.162733;-0.567040;,
0.162733;-0.024023;,
0.361644;-0.567040;,
0.260064;-0.840348;,
0.567642;-0.295958;,
0.387274;-0.024023;,
0.387274;-0.295958;,
0.567642;-0.024023;,
0.567642;-0.567040;,
0.387274;-0.567040;,
0.162733;-0.024023;,
0.361644;-0.431499;,
0.361644;-0.024023;,
0.162733;-0.431499;,
0.567642;-0.295958;,
0.387274;-0.024023;,
0.387274;-0.295958;,
0.567642;-0.024023;,
0.567642;-0.567040;,
0.387274;-0.567040;,
0.162733;-0.567040;,
0.361644;-0.024023;,
0.162733;-0.024023;,
0.361644;-0.567040;,
0.260064;-0.840132;,
0.567642;-0.295958;,
0.387274;-0.024023;,
0.387274;-0.295958;,
0.567642;-0.024023;,
0.567642;-0.567040;,
0.387274;-0.567040;,
0.162733;-0.024023;,
0.361644;-0.431499;,
0.361644;-0.024023;,
0.162733;-0.431499;,
0.387274;-0.295958;,
0.567642;-0.024023;,
0.567642;-0.295958;,
0.387274;-0.024023;,
0.387274;-0.567040;,
0.567642;-0.567040;,
0.162733;-0.295958;,
0.361644;-0.024023;,
0.361644;-0.295958;,
0.162733;-0.024023;,
0.162733;-0.567040;,
0.361644;-0.567040;,
0.260064;-0.840348;,
0.387274;-0.567040;,
0.567642;-0.024023;,
0.387274;-0.024023;,
0.567642;-0.567040;,
0.361644;-0.295958;,
0.162733;-0.024023;,
0.162733;-0.295958;,
0.361644;-0.024023;,
0.361644;-0.567040;,
0.162733;-0.567040;,
0.260064;-0.840132;,
0.567642;-0.295958;,
0.387274;-0.223583;,
0.387274;-0.295958;,
0.567642;-0.223583;,
0.387274;-0.567040;,
0.567642;-0.441482;,
0.387274;-0.441482;,
0.567642;-0.567040;,
0.361644;-0.295958;,
0.162733;-0.024023;,
0.162733;-0.295958;,
0.361644;-0.024023;,
0.361644;-0.567040;,
0.162733;-0.567040;,
0.260064;-0.840132;,
0.387274;-0.024023;,
0.567642;-0.024023;,
0.567642;-0.295958;,
0.387273;-0.024023;,
0.567642;-0.024023;,
0.387273;-0.295958;,
0.567642;-0.567040;,
0.387273;-0.567040;,
0.162733;-0.431499;,
0.361644;-0.024023;,
0.361644;-0.431499;,
0.162733;-0.024023;,
0.567642;-0.295958;,
0.387274;-0.024023;,
0.567642;-0.024023;,
0.387274;-0.295958;,
0.567642;-0.567040;,
0.387274;-0.567040;,
0.162733;-0.431499;,
0.361644;-0.024023;,
0.361644;-0.431499;,
0.162733;-0.024023;,
0.567642;-0.295958;,
0.387274;-0.024023;,
0.387274;-0.295958;,
0.567642;-0.024023;,
0.567642;-0.567040;,
0.387274;-0.567040;,
0.361644;-0.295958;,
0.162733;-0.024023;,
0.162733;-0.295958;,
0.361644;-0.024023;,
0.361644;-0.567040;,
0.162733;-0.567040;,
0.260064;-0.840132;,
0.780296;-0.648193;,
0.982656;-0.981409;,
0.982656;-0.648193;,
0.780296;-0.981409;,
0.378961;-0.590972;,
0.591365;-0.985572;,
0.591365;-0.590972;,
0.378961;-0.985572;,
0.567642;-0.295958;,
0.387274;-0.024023;,
0.567642;-0.024023;,
0.387274;-0.295958;,
0.567642;-0.567040;,
0.387274;-0.567040;,
0.361644;-0.295958;,
0.162733;-0.024023;,
0.361644;-0.024023;,
0.162733;-0.295958;,
0.361644;-0.567040;,
0.162733;-0.567040;,
0.260064;-0.840132;,
0.142545;-0.499177;,
0.020628;-0.012932;,
0.020628;-0.499177;,
0.142545;-0.012932;,
0.020628;-0.012932;,
0.142545;-0.498813;,
0.142545;-0.012932;,
0.020628;-0.498813;,
0.142545;-0.982833;,
0.020628;-0.982833;,
0.142545;-0.982833;,
0.020628;-0.982833;,
0.020628;-0.507229;,
0.142545;-0.982833;,
0.142545;-0.507229;,
0.020628;-0.982833;,
0.020628;-0.508094;,
0.142545;-0.982833;,
0.142545;-0.508094;,
0.020628;-0.982833;,
0.020628;-0.012932;,
0.142545;-0.012932;,
0.020628;-0.012932;,
0.142545;-0.012932;,
0.260064;-0.840132;,
0.259387;-0.840348;,
0.260064;-0.840132;,
0.260064;-0.840132;;
}// UV
}// mesh
