xof 0303txt 0032
// Exported by ParaEngine X file exporter V0.2
ParaXHeader header{
112,97,114,97;
1,0,0,0;
1;
0;
-0.050000;-0.500000;-0.050000;;
0.050000;-0.400000;0.050000;;
3;
}
Mesh mesh_object{
50; // 50 vertices 
-0.008974;-0.246239;-0.010895;,
-0.005169;-0.500789;0.010784;,
0.001318;-0.500789;-0.010895;,
-0.015461;-0.246239;0.010784;,
-0.029945;-0.246239;-0.005160;,
-0.019652;-0.500789;-0.005160;,
-0.019652;-0.500789;-0.005160;,
-0.029945;-0.246239;-0.005160;,
-0.015461;0.038105;0.010784;,
-0.008974;0.038105;-0.010895;,
-0.029945;0.038105;-0.005160;,
-0.029945;0.038105;-0.005160;,
-0.004957;0.395822;0.035508;,
0.001174;0.394467;0.015018;,
-0.018645;0.394467;0.020438;,
-0.018645;0.394467;0.020438;,
0.218606;0.458183;-0.113385;,
0.411310;0.500818;0.005288;,
0.350344;0.500819;-0.207228;,
0.248401;0.469795;0.006126;,
-0.240572;0.458183;0.019398;,
-0.337087;0.500818;-0.192688;,
-0.402812;0.500818;0.044243;,
-0.211988;0.469795;-0.104251;,
0.148577;0.472940;-0.421365;,
-0.164360;0.500818;-0.343479;,
0.128129;0.500818;-0.349782;,
-0.190918;0.484552;-0.413124;,
-0.076392;0.458183;0.237957;,
-0.327348;0.500818;0.255830;,
-0.116832;0.500818;0.400417;,
-0.193912;0.469795;0.154559;,
0.210972;0.472940;0.466737;,
0.357111;0.500818;0.219723;,
0.166624;0.500818;0.385782;,
0.438567;0.484552;0.255354;,
-0.008602;0.393716;0.021939;,
0.084283;0.469795;-0.206713;,
-0.104930;0.458183;-0.203561;,
0.091473;0.469795;0.234807;,
0.208207;0.458183;0.146019;,
0.496345;0.472940;0.007628;,
0.415936;0.484552;-0.257010;,
-0.396086;0.472940;-0.239861;,
-0.486307;0.484552;0.064772;,
-0.396557;0.472940;0.312081;,
-0.133545;0.484552;0.490041;,
-0.004957;0.395822;0.035508;,
0.001174;0.394467;0.015018;,
-0.018645;0.394467;0.020438;;

69; // 69 faces 
3;0,1,2;,
3;1,0,3;,
3;1,4,5;,
3;4,1,3;,
3;6,0,2;,
3;0,6,7;,
3;8,0,9;,
3;0,8,3;,
3;3,10,4;,
3;10,3,8;,
3;7,9,0;,
3;9,7,11;,
3;12,9,13;,
3;9,12,8;,
3;12,10,8;,
3;10,12,14;,
3;11,13,9;,
3;13,11,15;,
3;16,17,18;,
3;17,16,19;,
3;20,21,22;,
3;21,20,23;,
3;24,25,26;,
3;25,24,27;,
3;28,29,30;,
3;29,28,31;,
3;32,33,34;,
3;33,32,35;,
3;36,37,38;,
3;36,31,28;,
3;36,39,40;,
3;19,16,36;,
3;23,20,36;,
3;36,20,31;,
3;31,22,29;,
3;22,31,20;,
3;36,38,23;,
3;38,21,23;,
3;21,38,25;,
3;36,16,37;,
3;16,26,37;,
3;26,16,18;,
3;36,40,19;,
3;19,33,17;,
3;33,19,40;,
3;36,28,39;,
3;39,30,34;,
3;30,39,28;,
3;18,41,42;,
3;41,18,17;,
3;22,43,44;,
3;43,22,21;,
3;26,38,37;,
3;38,26,25;,
3;30,45,46;,
3;45,30,29;,
3;34,40,39;,
3;40,34,33;,
3;29,44,45;,
3;44,29,22;,
3;43,25,27;,
3;25,43,21;,
3;24,18,42;,
3;18,24,26;,
3;41,33,35;,
3;33,41,17;,
3;34,46,32;,
3;46,34,30;,
3;47,48,49;;

MeshNormals {
50; // 50 normals 
0.709714;0.014345;-0.704344;,
0.242549;0.009804;0.970089;,
0.725798;0.029346;-0.687282;,
0.210722;0.004052;0.977538;,
-0.960802;-0.019232;-0.276566;,
-0.957656;-0.038722;-0.285301;,
-0.957656;-0.038722;-0.285301;,
-0.960802;-0.019232;-0.276566;,
0.217435;-0.037598;0.975350;,
0.701792;0.016535;-0.712190;,
-0.955430;0.025841;-0.294085;,
-0.955430;0.025841;-0.294085;,
0.229181;-0.074093;0.970560;,
0.766722;0.024813;-0.641500;,
-0.975663;0.046332;-0.214327;,
-0.975663;0.046332;-0.214327;,
-0.186715;0.974891;0.121345;,
0.096851;0.995248;-0.010094;,
0.025294;0.999473;-0.020338;,
-0.238555;0.970740;-0.027497;,
0.245316;0.969275;-0.018037;,
-0.097796;0.993638;-0.055845;,
-0.030986;0.999138;-0.027629;,
0.204674;0.970550;0.127046;,
0.087411;0.944820;-0.315714;,
-0.013871;0.999375;-0.032528;,
0.030375;0.993335;-0.111185;,
-0.080152;0.976996;-0.197623;,
0.061612;0.969613;-0.236757;,
-0.062199;0.995539;0.070944;,
-0.024718;0.999586;0.014709;,
0.209754;0.968507;-0.134158;,
0.119528;0.959806;0.253939;,
0.019230;0.999600;0.020730;,
0.045647;0.995863;0.078566;,
0.160512;0.983614;0.082097;,
0.013238;0.999862;-0.010012;,
-0.065689;0.970675;0.231247;,
0.093726;0.970529;0.222009;,
-0.060321;0.969072;-0.239293;,
-0.202091;0.972278;-0.117618;,
0.285696;0.958306;-0.005204;,
0.155263;0.981041;-0.115984;,
-0.271798;0.946018;-0.176568;,
-0.206068;0.978520;0.005934;,
-0.218129;0.957642;0.187995;,
-0.058456;0.981856;0.180395;,
-0.019641;0.997224;-0.071819;,
-0.019641;0.997224;-0.071819;,
-0.019641;0.997224;-0.071819;;

69; // 69 faces 
3;0,1,2;,
3;1,0,3;,
3;1,4,5;,
3;4,1,3;,
3;6,0,2;,
3;0,6,7;,
3;8,0,9;,
3;0,8,3;,
3;3,10,4;,
3;10,3,8;,
3;7,9,0;,
3;9,7,11;,
3;12,9,13;,
3;9,12,8;,
3;12,10,8;,
3;10,12,14;,
3;11,13,9;,
3;13,11,15;,
3;16,17,18;,
3;17,16,19;,
3;20,21,22;,
3;21,20,23;,
3;24,25,26;,
3;25,24,27;,
3;28,29,30;,
3;29,28,31;,
3;32,33,34;,
3;33,32,35;,
3;36,37,38;,
3;36,31,28;,
3;36,39,40;,
3;19,16,36;,
3;23,20,36;,
3;36,20,31;,
3;31,22,29;,
3;22,31,20;,
3;36,38,23;,
3;38,21,23;,
3;21,38,25;,
3;36,16,37;,
3;16,26,37;,
3;26,16,18;,
3;36,40,19;,
3;19,33,17;,
3;33,19,40;,
3;36,28,39;,
3;39,30,34;,
3;30,39,28;,
3;18,41,42;,
3;41,18,17;,
3;22,43,44;,
3;43,22,21;,
3;26,38,37;,
3;38,26,25;,
3;30,45,46;,
3;45,30,29;,
3;34,40,39;,
3;40,34,33;,
3;29,44,45;,
3;44,29,22;,
3;43,25,27;,
3;25,43,21;,
3;24,18,42;,
3;18,24,26;,
3;41,33,35;,
3;33,41,17;,
3;34,46,32;,
3;46,34,30;,
3;47,48,49;;
}
MeshMaterialList {
 1; // Number of unique materials
 69; // Number of faces
0,0,0,0,0,0,0,0,0,0,0,0,0,0,0,0,0,0,0,0,0,0,0,0,0,0,0,0,0,0,0,0,0,0,0,0,0,0,0,0,0,0,0,0,0,0,0,0,0,0,0,0,0,0,0,0,0,0,0,0,0,0,0,0,0,0,0,0,0;;
Material {
0.588235;0.588235;0.588235;1.000000;;
3000.0;
0.900000;0.900000;0.900000;;
1.000000;0.000000;0.000000;;
TextureFilename {"model/04deco/v5/blockworld/05plants/03flower/Flower07.dds";}
}
}// materials
MeshTextureCoords {
50; // 50 UV
0.919162;-0.334749;,
0.900377;-0.007105;,
0.919179;-0.007024;,
0.900345;-0.334771;,
0.983048;-0.334903;,
0.983104;-0.007068;,
0.988680;-0.007478;,
0.988703;-0.334717;,
0.900371;-0.662455;,
0.919195;-0.662717;,
0.983212;-0.661483;,
0.988672;-0.662565;,
0.852745;-0.989321;,
0.914014;-0.992904;,
0.902971;-0.985798;,
0.988479;-0.999764;,
0.372977;-0.792671;,
0.330273;-0.923562;,
0.405191;-0.866375;,
0.327458;-0.834204;,
0.317858;-0.527908;,
0.474722;-0.422356;,
0.293812;-0.434181;,
0.395665;-0.502976;,
0.614550;-0.754029;,
0.498845;-0.499968;,
0.579776;-0.744635;,
0.526666;-0.471709;,
0.201274;-0.606306;,
0.163228;-0.432701;,
0.114682;-0.582103;,
0.227296;-0.527484;,
0.069765;-0.793603;,
0.217908;-0.851484;,
0.100714;-0.770698;,
0.211503;-0.885571;,
0.317442;-0.661648;,
0.488958;-0.717150;,
0.415324;-0.565133;,
0.173438;-0.723210;,
0.245781;-0.775902;,
0.329795;-0.962594;,
0.416394;-0.895297;,
0.509358;-0.390661;,
0.274881;-0.398980;,
0.133059;-0.390339;,
0.077767;-0.573772;,
0.852745;-0.989321;,
0.914014;-0.992904;,
0.902971;-0.985798;;
}// UV
}// mesh
