xof 0303txt 0032
// Exported by ParaEngine X file exporter V0.2
ParaXHeader header{
112,97,114,97;
1,0,0,0;
1;
0;
-0.250000;-0.500000;-0.250000;;
0.250000;0.500000;0.250000;;
3;
}
ParaXRefSection xrefs{
1;
"Z:/ParaEngineSDK/model/blockworld/Redstone_Torch/Redstone_Torch_anim.x";
0;
1.000000,0.000000,0.000000,0.000000,0.000000,1.000000,0.000000,0.000000,0.000000,0.000000,1.000000,0.000000,0.000000,0.000000,0.000000,1.000000;
0.000000;0.000000;0.000000;;
0;
-1;
0;
0.000000;
0.000000;
0.000000;
; // end of Xref array
} //ParaXRefSection
Mesh mesh_object{
24; // 24 vertices 
0.056176;0.230993;-0.056176;,
-0.056176;0.230993;0.056176;,
0.056176;0.230993;0.056176;,
-0.056176;0.230993;-0.056176;,
0.056176;-0.497379;-0.056176;,
-0.056176;-0.497379;0.056176;,
-0.056176;-0.497379;-0.056176;,
0.056176;-0.497379;0.056176;,
0.056176;0.230993;-0.056176;,
-0.056176;-0.497379;-0.056176;,
-0.056176;0.230993;-0.056176;,
0.056176;-0.497379;-0.056176;,
-0.056176;0.230993;-0.056176;,
-0.056176;-0.497379;0.056176;,
-0.056176;0.230993;0.056176;,
-0.056176;-0.497379;-0.056176;,
-0.056176;0.230993;0.056176;,
0.056176;-0.497379;0.056176;,
0.056176;0.230993;0.056176;,
-0.056176;-0.497379;0.056176;,
0.056176;0.230993;0.056176;,
0.056176;-0.497379;-0.056176;,
0.056176;0.230993;-0.056176;,
0.056176;-0.497379;0.056176;;

12; // 12 faces 
3;0,1,2;,
3;1,0,3;,
3;4,5,6;,
3;5,4,7;,
3;8,9,10;,
3;9,8,11;,
3;12,13,14;,
3;13,12,15;,
3;16,17,18;,
3;17,16,19;,
3;20,21,22;,
3;21,20,23;;

MeshNormals {
24; // 24 normals 
-0.000000;1.000000;0.000000;,
-0.000000;1.000000;0.000000;,
-0.000000;1.000000;0.000000;,
-0.000000;1.000000;0.000000;,
0.000000;-1.000000;0.000000;,
0.000000;-1.000000;0.000000;,
0.000000;-1.000000;0.000000;,
0.000000;-1.000000;0.000000;,
0.000000;0.000000;-1.000000;,
0.000000;0.000000;-1.000000;,
0.000000;0.000000;-1.000000;,
0.000000;0.000000;-1.000000;,
-1.000000;0.000000;0.000000;,
-1.000000;0.000000;0.000000;,
-1.000000;0.000000;0.000000;,
-1.000000;0.000000;0.000000;,
0.000000;0.000000;1.000000;,
0.000000;0.000000;1.000000;,
0.000000;0.000000;1.000000;,
0.000000;0.000000;1.000000;,
1.000000;-0.000000;0.000000;,
1.000000;-0.000000;0.000000;,
1.000000;-0.000000;0.000000;,
1.000000;-0.000000;0.000000;;

12; // 12 faces 
3;0,1,2;,
3;1,0,3;,
3;4,5,6;,
3;5,4,7;,
3;8,9,10;,
3;9,8,11;,
3;12,13,14;,
3;13,12,15;,
3;16,17,18;,
3;17,16,19;,
3;20,21,22;,
3;21,20,23;;
}
MeshMaterialList {
 1; // Number of unique materials
 12; // Number of faces
0,0,0,0,0,0,0,0,0,0,0,0;;
Material {
0.588000;0.588000;0.588000;1.000000;;
0.0;
0.900000;0.900000;0.900000;;
1.000000;0.000000;0.000000;;
TextureFilename {"Texture/blocks/redstone_torch_on.png;2";}
}
}// materials
MeshTextureCoords {
24; // 24 UV
0.442436;-0.504514;,
0.559729;-0.620494;,
0.442436;-0.620494;,
0.559729;-0.504514;,
0.563082;-0.021100;,
0.442436;-0.021100;,
0.563082;-0.021100;,
0.442436;-0.021100;,
0.442436;-0.624045;,
0.563082;-0.021100;,
0.563082;-0.624045;,
0.442436;-0.021100;,
0.563082;-0.624045;,
0.442436;-0.021100;,
0.442435;-0.624045;,
0.563082;-0.021100;,
0.563082;-0.624045;,
0.442436;-0.021100;,
0.442436;-0.624045;,
0.563082;-0.021100;,
0.442435;-0.624045;,
0.563082;-0.021100;,
0.563082;-0.624045;,
0.442436;-0.021100;;
}// UV
}// mesh
