xof 0303txt 0032
// Exported by ParaEngine X file exporter V0.2
ParaXHeader header{
112,97,114,97;
1,0,0,0;
1;
0;
-0.500000;-0.500000;-0.497895;;
0.500000;0.500000;0.498198;;
3;
}
Mesh mesh_object{
72; // 72 vertices 
-0.500000;-0.500000;-0.497895;,
0.500000;-0.500000;0.147351;,
-0.500000;-0.500000;0.147351;,
0.500000;-0.500000;-0.497895;,
-0.500000;0.500000;-0.497895;,
0.500000;0.500000;0.147351;,
0.500000;0.500000;-0.497895;,
-0.500000;0.500000;0.147351;,
-0.500000;-0.500000;-0.497895;,
0.500000;0.500000;-0.497895;,
0.500000;-0.500000;-0.497895;,
-0.500000;0.500000;-0.497895;,
0.500000;-0.500000;-0.497895;,
0.500000;0.500000;0.147351;,
0.500000;-0.500000;0.147351;,
0.500000;0.500000;-0.497895;,
0.500000;-0.500000;0.147351;,
-0.500000;0.500000;0.147351;,
-0.500000;-0.500000;0.147351;,
0.500000;0.500000;0.147351;,
-0.500000;-0.500000;0.147351;,
-0.500000;0.500000;-0.497895;,
-0.500000;-0.500000;-0.497895;,
-0.500000;0.500000;0.147351;,
-0.500000;-0.500000;0.152996;,
0.500000;-0.500000;0.498198;,
-0.500000;-0.500000;0.498198;,
0.500000;-0.500000;0.152996;,
-0.500000;0.500000;0.152996;,
0.500000;0.500000;0.498198;,
0.500000;0.500000;0.152996;,
-0.500000;0.500000;0.498198;,
-0.500000;-0.500000;0.152996;,
0.500000;0.500000;0.152996;,
0.500000;-0.500000;0.152996;,
-0.500000;0.500000;0.152996;,
0.500000;-0.500000;0.152996;,
0.500000;0.500000;0.498198;,
0.500000;-0.500000;0.498198;,
0.500000;0.500000;0.152996;,
0.500000;-0.500000;0.498198;,
-0.500000;0.500000;0.498198;,
-0.500000;-0.500000;0.498198;,
0.500000;0.500000;0.498198;,
-0.500000;-0.500000;0.498198;,
-0.500000;0.500000;0.152996;,
-0.500000;-0.500000;0.152996;,
-0.500000;0.500000;0.498198;,
-0.132331;-0.132331;0.093231;,
0.132331;-0.132331;0.195550;,
-0.132331;-0.132331;0.195550;,
0.132331;-0.132331;0.093231;,
-0.132331;0.132331;0.093231;,
0.132331;0.132331;0.195550;,
0.132331;0.132331;0.093231;,
-0.132331;0.132331;0.195550;,
-0.132331;-0.132331;0.093231;,
0.132331;0.132331;0.093231;,
0.132331;-0.132331;0.093231;,
-0.132331;0.132331;0.093231;,
0.132331;-0.132331;0.093231;,
0.132331;0.132331;0.195550;,
0.132331;-0.132331;0.195550;,
0.132331;0.132331;0.093231;,
0.132331;-0.132331;0.195550;,
-0.132331;0.132331;0.195550;,
-0.132331;-0.132331;0.195550;,
0.132331;0.132331;0.195550;,
-0.132331;-0.132331;0.195550;,
-0.132331;0.132331;0.093231;,
-0.132331;-0.132331;0.093231;,
-0.132331;0.132331;0.195550;;

36; // 36 faces 
3;0,1,2;,
3;1,0,3;,
3;4,5,6;,
3;5,4,7;,
3;8,9,10;,
3;9,8,11;,
3;12,13,14;,
3;13,12,15;,
3;16,17,18;,
3;17,16,19;,
3;20,21,22;,
3;21,20,23;,
3;24,25,26;,
3;25,24,27;,
3;28,29,30;,
3;29,28,31;,
3;32,33,34;,
3;33,32,35;,
3;36,37,38;,
3;37,36,39;,
3;40,41,42;,
3;41,40,43;,
3;44,45,46;,
3;45,44,47;,
3;48,49,50;,
3;49,48,51;,
3;52,53,54;,
3;53,52,55;,
3;56,57,58;,
3;57,56,59;,
3;60,61,62;,
3;61,60,63;,
3;64,65,66;,
3;65,64,67;,
3;68,69,70;,
3;69,68,71;;

MeshNormals {
72; // 72 normals 
0.000000;-1.000000;0.000000;,
0.000000;-1.000000;0.000000;,
0.000000;-1.000000;0.000000;,
0.000000;-1.000000;0.000000;,
0.000000;1.000000;0.000000;,
0.000000;1.000000;0.000000;,
0.000000;1.000000;0.000000;,
0.000000;1.000000;0.000000;,
0.000000;0.000000;-1.000000;,
0.000000;0.000000;-1.000000;,
0.000000;0.000000;-1.000000;,
0.000000;0.000000;-1.000000;,
1.000000;0.000000;0.000000;,
1.000000;0.000000;0.000000;,
1.000000;0.000000;0.000000;,
1.000000;0.000000;0.000000;,
0.000000;0.000000;1.000000;,
0.000000;0.000000;1.000000;,
0.000000;0.000000;1.000000;,
0.000000;0.000000;1.000000;,
-1.000000;0.000000;0.000000;,
-1.000000;0.000000;0.000000;,
-1.000000;0.000000;0.000000;,
-1.000000;0.000000;0.000000;,
0.000000;-1.000000;0.000000;,
0.000000;-1.000000;0.000000;,
0.000000;-1.000000;0.000000;,
0.000000;-1.000000;0.000000;,
0.000000;1.000000;0.000000;,
0.000000;1.000000;0.000000;,
0.000000;1.000000;0.000000;,
0.000000;1.000000;0.000000;,
0.000000;0.000000;-1.000000;,
0.000000;0.000000;-1.000000;,
0.000000;0.000000;-1.000000;,
0.000000;0.000000;-1.000000;,
1.000000;0.000000;0.000000;,
1.000000;0.000000;0.000000;,
1.000000;0.000000;0.000000;,
1.000000;0.000000;0.000000;,
0.000000;0.000000;1.000000;,
0.000000;0.000000;1.000000;,
0.000000;0.000000;1.000000;,
0.000000;0.000000;1.000000;,
-1.000000;0.000000;0.000000;,
-1.000000;0.000000;0.000000;,
-1.000000;0.000000;0.000000;,
-1.000000;0.000000;0.000000;,
0.000000;-1.000000;0.000000;,
0.000000;-1.000000;0.000000;,
0.000000;-1.000000;0.000000;,
0.000000;-1.000000;0.000000;,
0.000000;1.000000;0.000000;,
0.000000;1.000000;0.000000;,
0.000000;1.000000;0.000000;,
0.000000;1.000000;0.000000;,
0.000000;0.000000;-1.000000;,
0.000000;0.000000;-1.000000;,
0.000000;0.000000;-1.000000;,
0.000000;0.000000;-1.000000;,
1.000000;0.000000;0.000000;,
1.000000;0.000000;0.000000;,
1.000000;0.000000;0.000000;,
1.000000;0.000000;0.000000;,
0.000000;0.000000;1.000000;,
0.000000;0.000000;1.000000;,
0.000000;0.000000;1.000000;,
0.000000;0.000000;1.000000;,
-1.000000;0.000000;0.000000;,
-1.000000;0.000000;0.000000;,
-1.000000;0.000000;0.000000;,
-1.000000;0.000000;0.000000;;

36; // 36 faces 
3;0,1,2;,
3;1,0,3;,
3;4,5,6;,
3;5,4,7;,
3;8,9,10;,
3;9,8,11;,
3;12,13,14;,
3;13,12,15;,
3;16,17,18;,
3;17,16,19;,
3;20,21,22;,
3;21,20,23;,
3;24,25,26;,
3;25,24,27;,
3;28,29,30;,
3;29,28,31;,
3;32,33,34;,
3;33,32,35;,
3;36,37,38;,
3;37,36,39;,
3;40,41,42;,
3;41,40,43;,
3;44,45,46;,
3;45,44,47;,
3;48,49,50;,
3;49,48,51;,
3;52,53,54;,
3;53,52,55;,
3;56,57,58;,
3;57,56,59;,
3;60,61,62;,
3;61,60,63;,
3;64,65,66;,
3;65,64,67;,
3;68,69,70;,
3;69,68,71;;
}
MeshMaterialList {
 1; // Number of unique materials
 36; // Number of faces
0,0,0,0,0,0,0,0,0,0,0,0,0,0,0,0,0,0,0,0,0,0,0,0,0,0,0,0,0,0,0,0,0,0,0,0;;
Material {
0.588235;0.588235;0.588235;1.000000;;
0.0;
0.900000;0.900000;0.900000;;
1.000000;0.000000;0.000000;;
TextureFilename {"Texture/blocks/Piston.png;2";}
}
}// materials
MeshTextureCoords {
72; // 72 UV
0.500000;-0.001000;,
0.001000;-0.394364;,
0.500000;-0.394364;,
0.001000;-0.001000;,
0.001000;-0.001000;,
0.500000;-0.394364;,
0.500000;-0.001000;,
0.001000;-0.394364;,
0.001000;-0.497660;,
0.500000;-0.997660;,
0.500000;-0.497660;,
0.001000;-0.997660;,
0.500000;-0.001000;,
0.001000;-0.394364;,
0.500000;-0.394364;,
0.001000;-0.001000;,
0.500769;-0.497459;,
0.999000;-0.997459;,
0.999000;-0.497459;,
0.500769;-0.997459;,
0.001000;-0.394364;,
0.500000;-0.001000;,
0.001000;-0.001000;,
0.500000;-0.394364;,
0.500000;-0.398599;,
0.001000;-0.496511;,
0.500000;-0.496511;,
0.001000;-0.398599;,
0.001000;-0.398599;,
0.500000;-0.496511;,
0.500000;-0.398599;,
0.001000;-0.496511;,
0.499655;-0.001000;,
0.999000;-0.500000;,
0.999000;-0.001000;,
0.499655;-0.500000;,
0.500000;-0.398599;,
0.001000;-0.496511;,
0.500000;-0.496511;,
0.001000;-0.398599;,
0.499655;-0.001000;,
0.999000;-0.500000;,
0.999000;-0.001000;,
0.499655;-0.500000;,
0.001000;-0.496511;,
0.500000;-0.398599;,
0.001000;-0.398599;,
0.500000;-0.496511;,
0.500000;-0.500000;,
0.001000;-0.404197;,
0.001000;-0.500000;,
0.500000;-0.404197;,
0.500000;-0.403685;,
0.001000;-0.500000;,
0.500000;-0.500000;,
0.001000;-0.403685;,
0.001000;-0.001000;,
0.500000;-0.500000;,
0.500000;-0.001000;,
0.001000;-0.500000;,
0.500000;-0.404674;,
0.001000;-0.500000;,
0.001000;-0.404674;,
0.500000;-0.500000;,
0.001000;-0.001000;,
0.500000;-0.500000;,
0.500000;-0.001000;,
0.001000;-0.500000;,
0.001000;-0.405739;,
0.500000;-0.500000;,
0.500000;-0.405739;,
0.001000;-0.500000;;
}// UV
}// mesh
