xof 0303txt 0032
// Exported by ParaEngine X file exporter V0.2
ParaXHeader header{
112,97,114,97;
1,0,0,0;
1;
0;
-0.050000;-0.500000;-0.050000;;
0.050000;-0.400000;0.050000;;
3;
}
Mesh mesh_object{
9; // 9 vertices 
-0.000058;-0.496017;0.453830;,
-0.000058;0.482862;-0.415493;,
-0.000058;0.482862;0.453830;,
-0.000058;-0.496017;0.453830;,
-0.000058;-0.496017;-0.415493;,
0.425026;-0.496017;0.002305;,
-0.444296;0.482862;0.002305;,
0.425026;0.482862;0.002305;,
-0.444296;-0.496017;0.002305;;

4; // 4 faces 
3;0,1,2;,
3;1,3,4;,
3;5,6,7;,
3;6,5,8;;

MeshNormals {
9; // 9 normals 
1.000000;0.000000;0.000000;,
1.000000;0.000000;0.000000;,
1.000000;0.000000;0.000000;,
1.000000;0.000000;0.000000;,
1.000000;0.000000;0.000000;,
0.000000;0.000000;-1.000000;,
0.000000;0.000000;-1.000000;,
0.000000;0.000000;-1.000000;,
0.000000;0.000000;-1.000000;;

4; // 4 faces 
3;0,1,2;,
3;1,3,4;,
3;5,6,7;,
3;6,5,8;;
}
MeshMaterialList {
 1; // Number of unique materials
 4; // Number of faces
0,0,0,0;;
Material {
0.588235;0.588235;0.588235;1.000000;;
131000.0;
0.900000;0.900000;0.900000;;
1.000000;0.000000;0.000000;;
TextureFilename {"model/04deco/v5/blockworld/05plants/02grass/Grass08.dds";}
}
}// materials
MeshTextureCoords {
9; // 9 UV
0.987342;-0.012658;,
0.012658;-0.987342;,
0.987342;-0.987342;,
0.987342;-0.012658;,
0.012658;-0.012658;,
0.987342;-0.012658;,
0.012658;-0.987342;,
0.987342;-0.987342;,
0.012658;-0.012658;;
}// UV
}// mesh
