xof 0303txt 0032
// Exported by ParaEngine X file exporter V0.2
ParaXHeader header{
112,97,114,97;
1,0,0,0;
1;
0;
-0.144735;-0.500000;-1.000000;;
0.144735;1.500000;1.000000;;
3;
}
Mesh mesh_object{
48; // 48 vertices 
-0.144735;0.500000;-1.000000;,
0.144735;0.500000;1.000000;,
-0.144735;0.500000;1.000000;,
0.144735;0.500000;-1.000000;,
-0.144735;1.500000;-1.000000;,
0.144735;1.500000;1.000000;,
0.144735;1.500000;-1.000000;,
-0.144735;1.500000;1.000000;,
-0.144735;0.500000;-1.000000;,
0.144735;1.500000;-1.000000;,
0.144735;0.500000;-1.000000;,
-0.144735;1.500000;-1.000000;,
0.144735;0.500000;-1.000000;,
0.144735;1.500000;1.000000;,
0.144735;0.500000;1.000000;,
0.144735;1.500000;-1.000000;,
0.144735;0.500000;1.000000;,
-0.144735;1.500000;1.000000;,
-0.144735;0.500000;1.000000;,
0.144735;1.500000;1.000000;,
-0.144735;0.500000;1.000000;,
-0.144735;1.500000;-1.000000;,
-0.144735;0.500000;-1.000000;,
-0.144735;1.500000;1.000000;,
-0.067785;-0.500000;-0.097749;,
0.067785;-0.500000;0.097749;,
-0.067785;-0.500000;0.097749;,
0.067785;-0.500000;-0.097749;,
-0.067785;0.609841;-0.097749;,
0.067785;0.609841;0.097749;,
0.067785;0.609841;-0.097749;,
-0.067785;0.609841;0.097749;,
-0.067785;-0.500000;-0.097749;,
0.067785;0.609841;-0.097749;,
0.067785;-0.500000;-0.097749;,
-0.067785;0.609841;-0.097749;,
0.067785;-0.500000;-0.097749;,
0.067785;0.609841;0.097749;,
0.067785;-0.500000;0.097749;,
0.067785;0.609841;-0.097749;,
0.067785;-0.500000;0.097749;,
-0.067785;0.609841;0.097749;,
-0.067785;-0.500000;0.097749;,
0.067785;0.609841;0.097749;,
-0.067785;-0.500000;0.097749;,
-0.067785;0.609841;-0.097749;,
-0.067785;-0.500000;-0.097749;,
-0.067785;0.609841;0.097749;;

24; // 24 faces 
3;0,1,2;,
3;1,0,3;,
3;4,5,6;,
3;5,4,7;,
3;8,9,10;,
3;9,8,11;,
3;12,13,14;,
3;13,12,15;,
3;16,17,18;,
3;17,16,19;,
3;20,21,22;,
3;21,20,23;,
3;24,25,26;,
3;25,24,27;,
3;28,29,30;,
3;29,28,31;,
3;32,33,34;,
3;33,32,35;,
3;36,37,38;,
3;37,36,39;,
3;40,41,42;,
3;41,40,43;,
3;44,45,46;,
3;45,44,47;;

MeshNormals {
48; // 48 normals 
0.000000;-1.000000;0.000000;,
0.000000;-1.000000;0.000000;,
0.000000;-1.000000;0.000000;,
0.000000;-1.000000;0.000000;,
0.000000;1.000000;0.000000;,
0.000000;1.000000;0.000000;,
0.000000;1.000000;0.000000;,
0.000000;1.000000;0.000000;,
0.000000;0.000000;-1.000000;,
0.000000;0.000000;-1.000000;,
0.000000;0.000000;-1.000000;,
0.000000;0.000000;-1.000000;,
1.000000;0.000000;0.000000;,
1.000000;0.000000;0.000000;,
1.000000;0.000000;0.000000;,
1.000000;0.000000;0.000000;,
0.000000;0.000000;1.000000;,
0.000000;0.000000;1.000000;,
0.000000;0.000000;1.000000;,
0.000000;0.000000;1.000000;,
-1.000000;0.000000;0.000000;,
-1.000000;0.000000;0.000000;,
-1.000000;0.000000;0.000000;,
-1.000000;0.000000;0.000000;,
0.000000;-1.000000;0.000000;,
0.000000;-1.000000;0.000000;,
0.000000;-1.000000;0.000000;,
0.000000;-1.000000;0.000000;,
0.000000;1.000000;0.000000;,
0.000000;1.000000;0.000000;,
0.000000;1.000000;0.000000;,
0.000000;1.000000;0.000000;,
0.000000;0.000000;-1.000000;,
0.000000;0.000000;-1.000000;,
0.000000;0.000000;-1.000000;,
0.000000;0.000000;-1.000000;,
1.000000;0.000000;0.000000;,
1.000000;0.000000;0.000000;,
1.000000;0.000000;0.000000;,
1.000000;0.000000;0.000000;,
0.000000;0.000000;1.000000;,
0.000000;0.000000;1.000000;,
0.000000;0.000000;1.000000;,
0.000000;0.000000;1.000000;,
-1.000000;0.000000;0.000000;,
-1.000000;0.000000;0.000000;,
-1.000000;0.000000;0.000000;,
-1.000000;0.000000;0.000000;;

24; // 24 faces 
3;0,1,2;,
3;1,0,3;,
3;4,5,6;,
3;5,4,7;,
3;8,9,10;,
3;9,8,11;,
3;12,13,14;,
3;13,12,15;,
3;16,17,18;,
3;17,16,19;,
3;20,21,22;,
3;21,20,23;,
3;24,25,26;,
3;25,24,27;,
3;28,29,30;,
3;29,28,31;,
3;32,33,34;,
3;33,32,35;,
3;36,37,38;,
3;37,36,39;,
3;40,41,42;,
3;41,40,43;,
3;44,45,46;,
3;45,44,47;;
}
MeshMaterialList {
 1; // Number of unique materials
 24; // Number of faces
0,0,0,0,0,0,0,0,0,0,0,0,0,0,0,0,0,0,0,0,0,0,0,0;;
Material {
0.588000;0.588000;0.588000;1.000000;;
0.0;
0.900000;0.900000;0.900000;;
1.000000;0.000000;0.000000;;
TextureFilename {"Texture/blocks/bed_feet_top.png";}
}
}// materials
MeshTextureCoords {
48; // 48 UV
0.131918;-0.001000;,
0.015596;-0.975046;,
0.131918;-0.975046;,
0.015596;-0.001000;,
0.015596;-0.001000;,
0.131918;-0.975046;,
0.131918;-0.001000;,
0.015596;-0.975046;,
0.009327;-0.429362;,
0.997877;-0.545684;,
0.009327;-0.545684;,
0.997877;-0.429362;,
0.009327;-0.001000;,
1.000123;-0.983780;,
0.009327;-0.983780;,
1.000123;-0.001000;,
0.009327;-0.429362;,
0.997877;-0.545684;,
0.009327;-0.545684;,
0.997877;-0.429362;,
0.009327;-0.001000;,
1.000123;-0.983780;,
0.009327;-0.983780;,
1.000123;-0.001000;,
0.138852;-0.001000;,
0.007198;-0.992802;,
0.138852;-0.992802;,
0.007198;-0.001000;,
0.007198;-0.001000;,
0.138852;-0.992802;,
0.138852;-0.001000;,
0.007198;-0.992802;,
0.007198;-0.001000;,
0.138852;-0.992802;,
0.138852;-0.001000;,
0.007198;-0.992802;,
0.007198;-0.001000;,
0.138852;-0.992802;,
0.138852;-0.001000;,
0.007198;-0.992802;,
0.007198;-0.001000;,
0.138852;-0.992802;,
0.138852;-0.001000;,
0.007198;-0.992802;,
0.007198;-0.001000;,
0.138852;-0.992802;,
0.138852;-0.001000;,
0.007198;-0.992802;;
}// UV
}// mesh
