xof 0303txt 0032
// Exported by ParaEngine X file exporter V0.2
ParaXHeader header{
112,97,114,97;
1,0,0,0;
1;
0;
-0.533493;-0.506867;-0.623078;;
0.535671;-0.107989;0.585638;;
3;
}
Mesh mesh_object{
51; // 51 vertices 
0.000000;-0.504743;-0.253064;,
0.230008;-0.274735;0.000000;,
0.230008;-0.274735;-0.253064;,
0.000000;-0.504743;0.000000;,
0.535671;-0.163483;0.000000;,
0.535671;-0.163483;-0.253064;,
0.535671;-0.163483;0.253064;,
0.230008;-0.274735;0.253064;,
0.000000;-0.504743;0.253064;,
-0.101551;-0.274349;0.196030;,
0.252696;-0.504578;0.122154;,
0.000000;-0.504743;0.000000;,
0.151144;-0.273355;0.318185;,
-0.231643;-0.108983;0.463484;,
0.021053;-0.107989;0.585638;,
-0.484339;-0.109977;0.341330;,
-0.354248;-0.275343;0.073876;,
-0.252696;-0.504908;-0.122154;,
-0.148977;-0.327569;-0.220208;,
-0.200704;-0.502620;0.146073;,
0.000000;-0.504743;0.000000;,
-0.349681;-0.314779;-0.074134;,
-0.332789;-0.279141;-0.477004;,
-0.533493;-0.266350;-0.330931;,
-0.132085;-0.291932;-0.623078;,
0.051727;-0.340361;-0.366282;,
0.200704;-0.506867;-0.146073;,
-0.050000;-0.500000;-0.050000;,
0.050000;-0.500000;0.050000;,
-0.050000;-0.500000;0.050000;,
0.050000;-0.500000;-0.050000;,
-0.050000;-0.400000;-0.050000;,
0.050000;-0.400000;0.050000;,
0.050000;-0.400000;-0.050000;,
-0.050000;-0.400000;0.050000;,
-0.050000;-0.500000;-0.050000;,
0.050000;-0.400000;-0.050000;,
0.050000;-0.500000;-0.050000;,
-0.050000;-0.400000;-0.050000;,
0.050000;-0.500000;-0.050000;,
0.050000;-0.400000;0.050000;,
0.050000;-0.500000;0.050000;,
0.050000;-0.400000;-0.050000;,
0.050000;-0.500000;0.050000;,
-0.050000;-0.400000;0.050000;,
-0.050000;-0.500000;0.050000;,
0.050000;-0.400000;0.050000;,
-0.050000;-0.500000;0.050000;,
-0.050000;-0.400000;-0.050000;,
-0.050000;-0.500000;-0.050000;,
-0.050000;-0.400000;0.050000;;

36; // 36 faces 
3;0,1,2;,
3;1,0,3;,
3;4,2,1;,
3;2,4,5;,
3;6,1,7;,
3;1,6,4;,
3;3,7,1;,
3;7,3,8;,
3;9,10,11;,
3;10,9,12;,
3;12,13,14;,
3;13,12,9;,
3;9,15,13;,
3;15,9,16;,
3;16,11,17;,
3;11,16,9;,
3;18,19,20;,
3;19,18,21;,
3;21,22,23;,
3;22,21,18;,
3;18,24,22;,
3;24,18,25;,
3;25,20,26;,
3;20,25,18;,
3;27,28,29;,
3;28,27,30;,
3;31,32,33;,
3;32,31,34;,
3;35,36,37;,
3;36,35,38;,
3;39,40,41;,
3;40,39,42;,
3;43,44,45;,
3;44,43,46;,
3;47,48,49;,
3;48,47,50;;

MeshNormals {
51; // 51 normals 
-0.707107;0.707107;-0.000000;,
-0.537300;0.843391;-0.000000;,
-0.537300;0.843391;0.000000;,
-0.707107;0.707107;-0.000000;,
-0.342020;0.939692;0.000000;,
-0.342021;0.939693;0.000000;,
-0.342021;0.939692;0.000000;,
-0.537300;0.843391;-0.000000;,
-0.707107;0.707107;-0.000000;,
0.263648;0.791554;-0.551300;,
0.313343;0.691117;-0.651286;,
0.313372;0.692066;-0.650263;,
0.263948;0.790651;-0.552452;,
0.208710;0.873979;-0.438863;,
0.208710;0.873979;-0.438863;,
0.208710;0.873979;-0.438863;,
0.263350;0.792458;-0.550143;,
0.313389;0.693025;-0.649233;,
0.250924;0.929642;0.269821;,
0.349934;0.825027;0.443708;,
0.334565;0.836086;0.434771;,
0.259040;0.925938;0.274839;,
0.130440;0.987105;0.092787;,
0.130441;0.987105;0.092787;,
0.130440;0.987105;0.092787;,
0.242306;0.933452;0.264490;,
0.318426;0.847238;0.425198;,
0.000000;-1.000000;0.000000;,
0.000000;-1.000000;0.000000;,
0.000000;-1.000000;0.000000;,
0.000000;-1.000000;0.000000;,
0.000000;1.000000;0.000000;,
0.000000;1.000000;0.000000;,
0.000000;1.000000;0.000000;,
0.000000;1.000000;0.000000;,
0.000000;0.000000;-1.000000;,
0.000000;0.000000;-1.000000;,
0.000000;0.000000;-1.000000;,
0.000000;0.000000;-1.000000;,
1.000000;0.000000;0.000000;,
1.000000;0.000000;0.000000;,
1.000000;0.000000;0.000000;,
1.000000;0.000000;0.000000;,
0.000000;0.000000;1.000000;,
0.000000;0.000000;1.000000;,
0.000000;0.000000;1.000000;,
0.000000;0.000000;1.000000;,
-1.000000;0.000000;0.000000;,
-1.000000;0.000000;0.000000;,
-1.000000;0.000000;0.000000;,
-1.000000;0.000000;0.000000;;

36; // 36 faces 
3;0,1,2;,
3;1,0,3;,
3;4,2,1;,
3;2,4,5;,
3;6,1,7;,
3;1,6,4;,
3;3,7,1;,
3;7,3,8;,
3;9,10,11;,
3;10,9,12;,
3;12,13,14;,
3;13,12,9;,
3;9,15,13;,
3;15,9,16;,
3;16,11,17;,
3;11,16,9;,
3;18,19,20;,
3;19,18,21;,
3;21,22,23;,
3;22,21,18;,
3;18,24,22;,
3;24,18,25;,
3;25,20,26;,
3;20,25,18;,
3;27,28,29;,
3;28,27,30;,
3;31,32,33;,
3;32,31,34;,
3;35,36,37;,
3;36,35,38;,
3;39,40,41;,
3;40,39,42;,
3;43,44,45;,
3;44,43,46;,
3;47,48,49;,
3;48,47,50;;
}
MeshMaterialList {
 2; // Number of unique materials
 36; // Number of faces
0,0,0,0,0,0,0,0,0,0,0,0,0,0,0,0,0,0,0,0,0,0,0,0,1,1,1,1,1,1,1,1,1,1,1,1;;
Material {
1.000000;1.000000;1.000000;1.000000;;
131000.0;
0.900000;0.900000;0.900000;;
1.000000;0.000000;0.000000;;
TextureFilename {"model/04deco/v5/blockworld/05plants/02grass/Grass05.dds";}
}
Material {
1.000000;1.000000;1.000000;1.000000;;
0.0;
1.000000;1.000000;1.000000;;
0.000000;1.000000;1.000000;;
}
}// materials
MeshTextureCoords {
51; // 51 UV
0.892857;-0.015981;,
0.488504;-0.487883;,
0.892857;-0.487883;,
0.488504;-0.015981;,
0.488504;-0.981637;,
0.892857;-0.981637;,
0.093684;-0.981637;,
0.093684;-0.487883;,
0.093684;-0.015981;,
0.488504;-0.487883;,
0.892857;-0.015981;,
0.488504;-0.015981;,
0.892857;-0.487883;,
0.488504;-0.981637;,
0.892857;-0.981637;,
0.093684;-0.981637;,
0.093684;-0.487883;,
0.093684;-0.015981;,
0.488504;-0.487883;,
0.892857;-0.015981;,
0.488504;-0.015981;,
0.892857;-0.487883;,
0.488504;-0.981637;,
0.892857;-0.981637;,
0.093684;-0.981637;,
0.093684;-0.487883;,
0.093684;-0.015981;,
1.000000;-0.000000;,
0.000000;-1.000000;,
1.000000;-1.000000;,
0.000000;-0.000000;,
0.000000;-0.000000;,
1.000000;-1.000000;,
1.000000;-0.000000;,
0.000000;-1.000000;,
0.000000;-0.000000;,
1.000000;-1.000000;,
1.000000;-0.000000;,
0.000000;-1.000000;,
0.000000;-0.000000;,
1.000000;-1.000000;,
1.000000;-0.000000;,
0.000000;-1.000000;,
0.000000;-0.000000;,
1.000000;-1.000000;,
1.000000;-0.000000;,
0.000000;-1.000000;,
0.000000;-0.000000;,
1.000000;-1.000000;,
1.000000;-0.000000;,
0.000000;-1.000000;;
}// UV
}// mesh
