xof 0303txt 0032
// Exported by ParaEngine X file exporter V0.2
ParaXHeader header{
112,97,114,97;
1,0,0,0;
1;
0;
-0.500000;-0.500000;-0.500000;;
0.499739;0.500000;0.499570;;
3;
}
Mesh mesh_object{
184; // 184 vertices 
-0.102177;-0.334779;-0.500000;,
0.102177;-0.130424;-0.500000;,
0.102177;-0.334779;-0.500000;,
-0.102177;-0.130424;-0.500000;,
-0.102177;-0.334779;-0.500000;,
-0.102177;-0.130424;0.000000;,
-0.102177;-0.130424;-0.500000;,
-0.102177;-0.334779;0.000000;,
-0.102177;-0.130424;-0.500000;,
0.102177;-0.130424;-0.000000;,
0.102177;-0.130424;-0.500000;,
-0.102177;-0.130424;0.000000;,
0.102177;-0.130424;-0.500000;,
0.102177;-0.334779;-0.000000;,
0.102177;-0.334779;-0.500000;,
0.102177;-0.130424;-0.000000;,
0.102177;-0.334779;-0.500000;,
-0.102177;-0.334779;0.000000;,
-0.102177;-0.334779;-0.500000;,
0.102177;-0.334779;-0.000000;,
0.102177;0.323779;-0.500000;,
-0.102177;0.119425;-0.500000;,
-0.102177;0.323779;-0.500000;,
0.102177;0.119425;-0.500000;,
0.102177;0.323779;-0.500000;,
0.102177;0.119425;0.000000;,
0.102177;0.119425;-0.500000;,
0.102177;0.323779;0.000000;,
0.102177;0.119425;-0.500000;,
-0.102177;0.119425;-0.000000;,
-0.102177;0.119425;-0.500000;,
0.102177;0.119425;0.000000;,
-0.102177;0.119425;-0.500000;,
-0.102177;0.323779;-0.000000;,
-0.102177;0.323779;-0.500000;,
-0.102177;0.119425;-0.000000;,
-0.102177;0.323779;-0.500000;,
0.102177;0.323779;0.000000;,
0.102177;0.323779;-0.500000;,
-0.102177;0.323779;-0.000000;,
-0.147379;-0.500000;-0.147379;,
0.147379;-0.500000;0.147379;,
-0.147379;-0.500000;0.147379;,
0.147379;-0.500000;-0.147379;,
-0.147379;0.500000;-0.147379;,
0.147379;0.500000;0.147379;,
0.147379;0.500000;-0.147379;,
-0.147379;0.500000;0.147379;,
-0.147379;-0.500000;-0.147379;,
0.147379;0.500000;-0.147379;,
0.147379;-0.500000;-0.147379;,
-0.147379;0.500000;-0.147379;,
0.147379;-0.500000;-0.147379;,
0.147379;0.500000;0.147379;,
0.147379;-0.500000;0.147379;,
0.147379;0.500000;-0.147379;,
0.147379;-0.500000;0.147379;,
-0.147379;0.500000;0.147379;,
-0.147379;-0.500000;0.147379;,
0.147379;0.500000;0.147379;,
-0.147379;-0.500000;0.147379;,
-0.147379;0.500000;-0.147379;,
-0.147379;-0.500000;-0.147379;,
-0.147379;0.500000;0.147379;,
0.499739;-0.334779;-0.102177;,
0.499739;-0.130424;0.102177;,
0.499739;-0.334779;0.102177;,
0.499739;-0.130424;-0.102177;,
0.499739;-0.334779;-0.102177;,
-0.000261;-0.124925;-0.102177;,
0.499739;-0.130424;-0.102177;,
-0.000261;-0.329279;-0.102177;,
0.499739;-0.130424;-0.102177;,
-0.000261;-0.124925;0.102177;,
0.499739;-0.130424;0.102177;,
-0.000261;-0.124925;-0.102177;,
0.499739;-0.130424;0.102177;,
-0.000261;-0.329279;0.102177;,
0.499739;-0.334779;0.102177;,
-0.000261;-0.124925;0.102177;,
0.499739;-0.334779;0.102177;,
-0.000261;-0.329279;-0.102177;,
0.499739;-0.334779;-0.102177;,
-0.000261;-0.329279;0.102177;,
0.499739;0.323779;0.102177;,
0.499739;0.119425;-0.102177;,
0.499739;0.323779;-0.102177;,
0.499739;0.119425;0.102177;,
0.499739;0.323779;0.102177;,
-0.000261;0.124925;0.102177;,
0.499739;0.119425;0.102177;,
-0.000261;0.329279;0.102177;,
0.499739;0.119425;0.102177;,
-0.000261;0.124925;-0.102177;,
0.499739;0.119425;-0.102177;,
-0.000261;0.124925;0.102177;,
0.499739;0.119425;-0.102177;,
-0.000261;0.329279;-0.102177;,
0.499739;0.323779;-0.102177;,
-0.000261;0.124925;-0.102177;,
0.499739;0.323779;-0.102177;,
-0.000261;0.329279;0.102177;,
0.499739;0.323779;0.102177;,
-0.000261;0.329279;-0.102177;,
0.102177;-0.332029;0.499570;,
-0.102177;-0.127675;0.499570;,
-0.102177;-0.332029;0.499570;,
0.102177;-0.127675;0.499570;,
0.102177;-0.332029;0.499570;,
0.102177;-0.122175;-0.000430;,
0.102177;-0.127675;0.499570;,
0.102177;-0.326529;-0.000430;,
0.102177;-0.127675;0.499570;,
-0.102177;-0.122175;-0.000430;,
-0.102177;-0.127675;0.499570;,
0.102177;-0.122175;-0.000430;,
-0.102177;-0.127675;0.499570;,
-0.102177;-0.326529;-0.000430;,
-0.102177;-0.332029;0.499570;,
-0.102177;-0.122175;-0.000430;,
-0.102177;-0.332029;0.499570;,
0.102177;-0.326529;-0.000430;,
0.102177;-0.332029;0.499570;,
-0.102177;-0.326529;-0.000430;,
-0.102177;0.326529;0.499570;,
0.102177;0.122175;0.499570;,
0.102177;0.326529;0.499570;,
-0.102177;0.122175;0.499570;,
-0.102177;0.326529;0.499570;,
-0.102177;0.127675;-0.000430;,
-0.102177;0.122175;0.499570;,
-0.102177;0.332029;-0.000430;,
-0.102177;0.122175;0.499570;,
0.102177;0.127675;-0.000430;,
0.102177;0.122175;0.499570;,
-0.102177;0.127675;-0.000430;,
0.102177;0.122175;0.499570;,
0.102177;0.332029;-0.000430;,
0.102177;0.326529;0.499570;,
0.102177;0.127675;-0.000430;,
0.102177;0.326529;0.499570;,
-0.102177;0.332029;-0.000430;,
-0.102177;0.326529;0.499570;,
0.102177;0.332029;-0.000430;,
-0.500000;-0.329279;0.102177;,
-0.500000;-0.124925;-0.102177;,
-0.500000;-0.329279;-0.102177;,
-0.500000;-0.124925;0.102177;,
-0.500000;-0.329279;0.102177;,
0.000000;-0.124925;0.102177;,
-0.500000;-0.124925;0.102177;,
0.000000;-0.329279;0.102177;,
-0.500000;-0.124925;0.102177;,
-0.000000;-0.124925;-0.102177;,
-0.500000;-0.124925;-0.102177;,
0.000000;-0.124925;0.102177;,
-0.500000;-0.124925;-0.102177;,
-0.000000;-0.329279;-0.102177;,
-0.500000;-0.329279;-0.102177;,
-0.000000;-0.124925;-0.102177;,
-0.500000;-0.329279;-0.102177;,
0.000000;-0.329279;0.102177;,
-0.500000;-0.329279;0.102177;,
-0.000000;-0.329279;-0.102177;,
-0.500000;0.329279;-0.102177;,
-0.500000;0.124925;0.102177;,
-0.500000;0.329279;0.102177;,
-0.500000;0.124925;-0.102177;,
-0.500000;0.329279;-0.102177;,
0.000000;0.124925;-0.102177;,
-0.500000;0.124925;-0.102177;,
0.000000;0.329279;-0.102177;,
-0.500000;0.124925;-0.102177;,
0.000000;0.124925;0.102177;,
-0.500000;0.124925;0.102177;,
0.000000;0.124925;-0.102177;,
-0.500000;0.124925;0.102177;,
0.000000;0.329279;0.102177;,
-0.500000;0.329279;0.102177;,
0.000000;0.124925;0.102177;,
-0.500000;0.329279;0.102177;,
0.000000;0.329279;-0.102177;,
-0.500000;0.329279;-0.102177;,
0.000000;0.329279;0.102177;;

92; // 92 faces 
3;0,1,2;,
3;1,0,3;,
3;4,5,6;,
3;5,4,7;,
3;8,9,10;,
3;9,8,11;,
3;12,13,14;,
3;13,12,15;,
3;16,17,18;,
3;17,16,19;,
3;20,21,22;,
3;21,20,23;,
3;24,25,26;,
3;25,24,27;,
3;28,29,30;,
3;29,28,31;,
3;32,33,34;,
3;33,32,35;,
3;36,37,38;,
3;37,36,39;,
3;40,41,42;,
3;41,40,43;,
3;44,45,46;,
3;45,44,47;,
3;48,49,50;,
3;49,48,51;,
3;52,53,54;,
3;53,52,55;,
3;56,57,58;,
3;57,56,59;,
3;60,61,62;,
3;61,60,63;,
3;64,65,66;,
3;65,64,67;,
3;68,69,70;,
3;69,68,71;,
3;72,73,74;,
3;73,72,75;,
3;76,77,78;,
3;77,76,79;,
3;80,81,82;,
3;81,80,83;,
3;84,85,86;,
3;85,84,87;,
3;88,89,90;,
3;89,88,91;,
3;92,93,94;,
3;93,92,95;,
3;96,97,98;,
3;97,96,99;,
3;100,101,102;,
3;101,100,103;,
3;104,105,106;,
3;105,104,107;,
3;108,109,110;,
3;109,108,111;,
3;112,113,114;,
3;113,112,115;,
3;116,117,118;,
3;117,116,119;,
3;120,121,122;,
3;121,120,123;,
3;124,125,126;,
3;125,124,127;,
3;128,129,130;,
3;129,128,131;,
3;132,133,134;,
3;133,132,135;,
3;136,137,138;,
3;137,136,139;,
3;140,141,142;,
3;141,140,143;,
3;144,145,146;,
3;145,144,147;,
3;148,149,150;,
3;149,148,151;,
3;152,153,154;,
3;153,152,155;,
3;156,157,158;,
3;157,156,159;,
3;160,161,162;,
3;161,160,163;,
3;164,165,166;,
3;165,164,167;,
3;168,169,170;,
3;169,168,171;,
3;172,173,174;,
3;173,172,175;,
3;176,177,178;,
3;177,176,179;,
3;180,181,182;,
3;181,180,183;;

MeshNormals {
184; // 184 normals 
-0.000001;0.000000;-1.000000;,
-0.000001;0.000000;-1.000000;,
-0.000001;0.000000;-1.000000;,
-0.000001;0.000000;-1.000000;,
-1.000000;0.000000;-0.000000;,
-1.000000;0.000000;-0.000000;,
-1.000000;0.000000;-0.000000;,
-1.000000;0.000000;-0.000000;,
0.000000;1.000000;0.000000;,
0.000000;1.000000;0.000000;,
0.000000;1.000000;0.000000;,
0.000000;1.000000;0.000000;,
1.000000;0.000000;-0.000000;,
1.000000;0.000000;-0.000000;,
1.000000;0.000000;-0.000000;,
1.000000;0.000000;-0.000000;,
-0.000000;-1.000000;-0.000000;,
-0.000000;-1.000000;-0.000000;,
-0.000000;-1.000000;-0.000000;,
-0.000000;-1.000000;-0.000000;,
0.000001;0.000000;-1.000000;,
0.000001;0.000000;-1.000000;,
0.000001;0.000000;-1.000000;,
0.000001;0.000000;-1.000000;,
1.000000;0.000000;-0.000000;,
1.000000;0.000000;-0.000000;,
1.000000;0.000000;0.000000;,
1.000000;0.000000;-0.000000;,
0.000000;-1.000000;0.000000;,
0.000000;-1.000000;0.000000;,
0.000000;-1.000000;0.000000;,
0.000000;-1.000000;0.000000;,
-1.000000;0.000000;-0.000000;,
-1.000000;0.000000;-0.000000;,
-1.000000;0.000000;-0.000000;,
-1.000000;0.000000;-0.000000;,
0.000000;1.000000;0.000000;,
0.000000;1.000000;0.000000;,
0.000000;1.000000;0.000000;,
0.000000;1.000000;0.000000;,
0.000000;-1.000000;0.000000;,
0.000000;-1.000000;0.000000;,
0.000000;-1.000000;0.000000;,
0.000000;-1.000000;0.000000;,
0.000000;1.000000;0.000000;,
0.000000;1.000000;0.000000;,
0.000000;1.000000;0.000000;,
0.000000;1.000000;0.000000;,
0.000000;0.000000;-1.000000;,
0.000000;0.000000;-1.000000;,
0.000000;0.000000;-1.000000;,
0.000000;0.000000;-1.000000;,
1.000000;0.000000;0.000000;,
1.000000;0.000000;0.000000;,
1.000000;0.000000;0.000000;,
1.000000;0.000000;0.000000;,
0.000000;0.000000;1.000000;,
0.000000;0.000000;1.000000;,
0.000000;0.000000;1.000000;,
0.000000;0.000000;1.000000;,
-1.000000;0.000000;0.000000;,
-1.000000;0.000000;0.000000;,
-1.000000;0.000000;0.000000;,
-1.000000;0.000000;0.000000;,
1.000000;0.000000;-0.000001;,
1.000000;0.000000;-0.000001;,
1.000000;0.000000;-0.000001;,
1.000000;0.000000;-0.000001;,
0.000000;0.000000;-1.000000;,
0.000000;0.000000;-1.000000;,
0.000000;0.000000;-1.000000;,
0.000000;0.000000;-1.000000;,
0.003353;0.999994;-0.000000;,
0.003353;0.999994;-0.000000;,
0.003353;0.999994;-0.000000;,
0.003353;0.999994;-0.000000;,
0.000000;0.000000;1.000000;,
0.000000;0.000000;1.000000;,
0.000000;0.000000;1.000000;,
0.000000;0.000000;1.000000;,
-0.003353;-0.999994;0.000000;,
-0.003353;-0.999994;0.000000;,
-0.003353;-0.999994;0.000000;,
-0.003353;-0.999994;0.000000;,
1.000000;0.000000;0.000001;,
1.000000;0.000000;0.000001;,
1.000000;0.000000;0.000001;,
1.000000;0.000000;0.000001;,
0.000000;0.000000;1.000000;,
0.000000;0.000000;1.000000;,
0.000000;0.000000;1.000000;,
0.000000;0.000000;1.000000;,
-0.003353;-0.999994;-0.000000;,
-0.003353;-0.999994;-0.000000;,
-0.003353;-0.999994;-0.000000;,
-0.003353;-0.999994;-0.000000;,
0.000000;0.000000;-1.000000;,
0.000000;0.000000;-1.000000;,
0.000000;0.000000;-1.000000;,
0.000000;0.000000;-1.000000;,
0.003353;0.999994;0.000000;,
0.003353;0.999994;0.000000;,
0.003353;0.999994;0.000000;,
0.003353;0.999994;0.000000;,
0.000000;0.000000;1.000000;,
0.000000;0.000000;1.000000;,
0.000000;0.000000;1.000000;,
0.000000;0.000000;1.000000;,
1.000000;0.000000;0.000000;,
1.000000;0.000000;0.000000;,
1.000000;0.000000;0.000000;,
1.000000;0.000000;0.000000;,
0.000000;0.999994;0.003353;,
0.000000;0.999994;0.003353;,
0.000000;0.999994;0.003353;,
0.000000;0.999994;0.003353;,
-1.000000;0.000000;0.000000;,
-1.000000;0.000000;0.000000;,
-1.000000;0.000000;0.000000;,
-1.000000;0.000000;0.000000;,
-0.000000;-0.999994;-0.003353;,
-0.000000;-0.999994;-0.003353;,
-0.000000;-0.999994;-0.003353;,
-0.000000;-0.999994;-0.003353;,
-0.000000;0.000000;1.000000;,
-0.000000;0.000000;1.000000;,
-0.000000;0.000000;1.000000;,
-0.000000;0.000000;1.000000;,
-1.000000;0.000000;0.000000;,
-1.000000;0.000000;0.000000;,
-1.000000;0.000000;0.000000;,
-1.000000;0.000000;0.000000;,
0.000000;-0.999994;-0.003353;,
0.000000;-0.999994;-0.003353;,
0.000000;-0.999994;-0.003353;,
0.000000;-0.999994;-0.003353;,
1.000000;0.000000;0.000000;,
1.000000;0.000000;0.000000;,
1.000000;0.000000;0.000000;,
1.000000;0.000000;0.000000;,
-0.000000;0.999994;0.003353;,
-0.000000;0.999994;0.003353;,
-0.000000;0.999994;0.003353;,
-0.000000;0.999994;0.003353;,
-1.000000;0.000000;0.000001;,
-1.000000;0.000000;0.000001;,
-1.000000;0.000000;0.000001;,
-1.000000;0.000000;0.000001;,
-0.000000;0.000000;1.000000;,
-0.000000;0.000000;1.000000;,
-0.000000;0.000000;1.000000;,
-0.000000;0.000000;1.000000;,
0.000000;1.000000;0.000000;,
0.000000;1.000000;0.000000;,
0.000000;1.000000;0.000000;,
0.000000;1.000000;0.000000;,
0.000000;0.000000;-1.000000;,
0.000000;0.000000;-1.000000;,
0.000000;0.000000;-1.000000;,
0.000000;0.000000;-1.000000;,
0.000000;-1.000000;0.000000;,
0.000000;-1.000000;0.000000;,
0.000000;-1.000000;0.000000;,
0.000000;-1.000000;0.000000;,
-1.000000;0.000000;-0.000001;,
-1.000000;0.000000;-0.000001;,
-1.000000;0.000000;-0.000001;,
-1.000000;0.000000;-0.000001;,
0.000000;0.000000;-1.000000;,
0.000000;0.000000;-1.000000;,
0.000000;0.000000;-1.000000;,
0.000000;0.000000;-1.000000;,
0.000000;-1.000000;0.000000;,
0.000000;-1.000000;0.000000;,
0.000000;-1.000000;0.000000;,
0.000000;-1.000000;0.000000;,
0.000000;0.000000;1.000000;,
0.000000;0.000000;1.000000;,
0.000000;0.000000;1.000000;,
0.000000;0.000000;1.000000;,
0.000000;1.000000;0.000000;,
0.000000;1.000000;0.000000;,
0.000000;1.000000;0.000000;,
0.000000;1.000000;0.000000;;

92; // 92 faces 
3;0,1,2;,
3;1,0,3;,
3;4,5,6;,
3;5,4,7;,
3;8,9,10;,
3;9,8,11;,
3;12,13,14;,
3;13,12,15;,
3;16,17,18;,
3;17,16,19;,
3;20,21,22;,
3;21,20,23;,
3;24,25,26;,
3;25,24,27;,
3;28,29,30;,
3;29,28,31;,
3;32,33,34;,
3;33,32,35;,
3;36,37,38;,
3;37,36,39;,
3;40,41,42;,
3;41,40,43;,
3;44,45,46;,
3;45,44,47;,
3;48,49,50;,
3;49,48,51;,
3;52,53,54;,
3;53,52,55;,
3;56,57,58;,
3;57,56,59;,
3;60,61,62;,
3;61,60,63;,
3;64,65,66;,
3;65,64,67;,
3;68,69,70;,
3;69,68,71;,
3;72,73,74;,
3;73,72,75;,
3;76,77,78;,
3;77,76,79;,
3;80,81,82;,
3;81,80,83;,
3;84,85,86;,
3;85,84,87;,
3;88,89,90;,
3;89,88,91;,
3;92,93,94;,
3;93,92,95;,
3;96,97,98;,
3;97,96,99;,
3;100,101,102;,
3;101,100,103;,
3;104,105,106;,
3;105,104,107;,
3;108,109,110;,
3;109,108,111;,
3;112,113,114;,
3;113,112,115;,
3;116,117,118;,
3;117,116,119;,
3;120,121,122;,
3;121,120,123;,
3;124,125,126;,
3;125,124,127;,
3;128,129,130;,
3;129,128,131;,
3;132,133,134;,
3;133,132,135;,
3;136,137,138;,
3;137,136,139;,
3;140,141,142;,
3;141,140,143;,
3;144,145,146;,
3;145,144,147;,
3;148,149,150;,
3;149,148,151;,
3;152,153,154;,
3;153,152,155;,
3;156,157,158;,
3;157,156,159;,
3;160,161,162;,
3;161,160,163;,
3;164,165,166;,
3;165,164,167;,
3;168,169,170;,
3;169,168,171;,
3;172,173,174;,
3;173,172,175;,
3;176,177,178;,
3;177,176,179;,
3;180,181,182;,
3;181,180,183;;
}
MeshMaterialList {
 1; // Number of unique materials
 92; // Number of faces
0,0,0,0,0,0,0,0,0,0,0,0,0,0,0,0,0,0,0,0,0,0,0,0,0,0,0,0,0,0,0,0,0,0,0,0,0,0,0,0,0,0,0,0,0,0,0,0,0,0,0,0,0,0,0,0,0,0,0,0,0,0,0,0,0,0,0,0,0,0,0,0,0,0,0,0,0,0,0,0,0,0,0,0,0,0,0,0,0,0,0,0;;
Material {
0.588000;0.588000;0.588000;1.000000;;
0.0;
0.900000;0.900000;0.900000;;
1.000000;0.000000;0.000000;;
TextureFilename {"Texture/blocks/planks_oak.png;2";}
}
}// materials
MeshTextureCoords {
184; // 184 UV
0.477207;-0.935967;,
0.731453;-0.999000;,
0.477207;-0.999000;,
0.731453;-0.935967;,
0.731453;-0.935967;,
0.477207;-0.093794;,
0.477207;-0.935967;,
0.731453;-0.093794;,
0.477207;-0.935967;,
0.222961;-0.093794;,
0.222961;-0.935967;,
0.477207;-0.093794;,
0.222961;-0.935967;,
0.003208;-0.094362;,
0.003208;-0.935978;,
0.222961;-0.093794;,
0.989991;-0.935967;,
0.731453;-0.093794;,
0.731453;-0.935967;,
0.989991;-0.093794;,
0.477207;-0.935967;,
0.731453;-0.999000;,
0.477207;-0.999000;,
0.731453;-0.935967;,
0.731453;-0.935967;,
0.477207;-0.093794;,
0.477207;-0.935967;,
0.731453;-0.093794;,
0.477207;-0.935967;,
0.222961;-0.093794;,
0.222961;-0.935967;,
0.477207;-0.093794;,
0.222961;-0.935967;,
0.003208;-0.094362;,
0.003208;-0.935978;,
0.222961;-0.093794;,
0.989991;-0.935967;,
0.731453;-0.093794;,
0.731453;-0.935967;,
0.989991;-0.093794;,
0.477207;-0.935967;,
0.731453;-0.999000;,
0.477207;-0.999000;,
0.731453;-0.935967;,
0.731453;-0.093794;,
0.477207;0.001000;,
0.477207;-0.093794;,
0.731453;0.001000;,
0.731453;-0.935967;,
0.477207;-0.093794;,
0.477207;-0.935967;,
0.731453;-0.093794;,
0.477207;-0.935967;,
0.222961;-0.093794;,
0.222961;-0.935967;,
0.477207;-0.093794;,
0.222961;-0.935967;,
0.003208;-0.094362;,
0.003208;-0.935978;,
0.222961;-0.093794;,
0.989991;-0.935967;,
0.731453;-0.093794;,
0.731453;-0.935967;,
0.989991;-0.093794;,
0.477207;-0.935967;,
0.731453;-0.999000;,
0.477207;-0.999000;,
0.731453;-0.935967;,
0.731453;-0.935967;,
0.477207;-0.093794;,
0.477207;-0.935967;,
0.731453;-0.093794;,
0.477207;-0.935967;,
0.222961;-0.093794;,
0.222961;-0.935967;,
0.477207;-0.093794;,
0.222961;-0.935967;,
0.003208;-0.094362;,
0.003208;-0.935978;,
0.222961;-0.093794;,
0.989991;-0.935967;,
0.731453;-0.093794;,
0.731453;-0.935967;,
0.989991;-0.093794;,
0.477207;-0.935967;,
0.731453;-0.999000;,
0.477207;-0.999000;,
0.731453;-0.935967;,
0.731453;-0.935967;,
0.477207;-0.093794;,
0.477207;-0.935967;,
0.731453;-0.093794;,
0.477207;-0.935967;,
0.222961;-0.093794;,
0.222961;-0.935967;,
0.477207;-0.093794;,
0.222961;-0.935967;,
0.003208;-0.094362;,
0.003208;-0.935978;,
0.222961;-0.093794;,
0.989991;-0.935967;,
0.731453;-0.093794;,
0.731453;-0.935967;,
0.989991;-0.093794;,
0.477207;-0.935967;,
0.731453;-0.999000;,
0.477207;-0.999000;,
0.731453;-0.935967;,
0.731453;-0.935967;,
0.477207;-0.093794;,
0.477207;-0.935967;,
0.731453;-0.093794;,
0.477207;-0.935967;,
0.222961;-0.093794;,
0.222961;-0.935967;,
0.477207;-0.093794;,
0.222961;-0.935967;,
0.003208;-0.094362;,
0.003208;-0.935978;,
0.222961;-0.093794;,
0.989991;-0.935967;,
0.731453;-0.093794;,
0.731453;-0.935967;,
0.989991;-0.093794;,
0.477207;-0.935967;,
0.731453;-0.999000;,
0.477207;-0.999000;,
0.731453;-0.935967;,
0.731453;-0.935967;,
0.477207;-0.093794;,
0.477207;-0.935967;,
0.731453;-0.093794;,
0.477207;-0.935967;,
0.222961;-0.093794;,
0.222961;-0.935967;,
0.477207;-0.093794;,
0.222961;-0.935967;,
0.003208;-0.094362;,
0.003208;-0.935978;,
0.222961;-0.093794;,
0.989991;-0.935967;,
0.731453;-0.093794;,
0.731453;-0.935967;,
0.989991;-0.093794;,
0.477207;-0.935967;,
0.731453;-0.999000;,
0.477207;-0.999000;,
0.731453;-0.935967;,
0.731453;-0.935967;,
0.477207;-0.093794;,
0.477207;-0.935967;,
0.731453;-0.093794;,
0.477207;-0.935967;,
0.222961;-0.093794;,
0.222961;-0.935967;,
0.477207;-0.093794;,
0.222961;-0.935967;,
0.003208;-0.094362;,
0.003208;-0.935978;,
0.222961;-0.093794;,
0.989991;-0.935967;,
0.731453;-0.093794;,
0.731453;-0.935967;,
0.989991;-0.093794;,
0.477207;-0.935967;,
0.731453;-0.999000;,
0.477207;-0.999000;,
0.731453;-0.935967;,
0.731453;-0.935967;,
0.477207;-0.093794;,
0.477207;-0.935967;,
0.731453;-0.093794;,
0.477207;-0.935967;,
0.222961;-0.093794;,
0.222961;-0.935967;,
0.477207;-0.093794;,
0.222961;-0.935967;,
0.003208;-0.094362;,
0.003208;-0.935978;,
0.222961;-0.093794;,
0.989991;-0.935967;,
0.731453;-0.093794;,
0.731453;-0.935967;,
0.989991;-0.093794;;
}// UV
}// mesh
