xof 0303txt 0032
// Exported by ParaEngine X file exporter V0.2
ParaXHeader header{
112,97,114,97;
1,0,0,0;
1;
0;
-0.154165;-0.500000;-0.250000;;
0.500000;0.500000;0.250000;;
3;
}
ParaXRefSection xrefs{
1;
"Z:/ParaEngineSDK/model/blockworld/Redstone_Torch/Redstone_Torch_anim.x";
0;
0.707107,0.707107,0.000000,0.000000,-0.707107,0.707107,0.000000,0.000000,0.000000,0.000000,1.000000,0.000000,0.192726,0.128232,0.000000,1.000000;
0.000000;0.000000;0.000000;;
0;
-1;
0;
0.000000;
0.000000;
0.000000;
; // end of Xref array
} //ParaXRefSection
Mesh mesh_object{
24; // 24 vertices 
0.069112;0.331291;-0.056176;,
-0.010333;0.251846;0.056176;,
0.069112;0.331291;0.056176;,
-0.010333;0.251846;-0.056176;,
0.584148;-0.183745;-0.056176;,
0.504704;-0.263190;0.056176;,
0.504704;-0.263190;-0.056176;,
0.584148;-0.183745;0.056176;,
0.069112;0.331291;-0.056176;,
0.504704;-0.263190;-0.056176;,
-0.010333;0.251846;-0.056176;,
0.584148;-0.183745;-0.056176;,
-0.010333;0.251846;-0.056176;,
0.504704;-0.263190;0.056176;,
-0.010333;0.251846;0.056176;,
0.504704;-0.263190;-0.056176;,
-0.010333;0.251846;0.056176;,
0.584148;-0.183745;0.056176;,
0.069112;0.331291;0.056176;,
0.504704;-0.263190;0.056176;,
0.069112;0.331291;0.056176;,
0.584148;-0.183745;-0.056176;,
0.069112;0.331291;-0.056176;,
0.584148;-0.183745;0.056176;;

12; // 12 faces 
3;0,1,2;,
3;1,0,3;,
3;4,5,6;,
3;5,4,7;,
3;8,9,10;,
3;9,8,11;,
3;12,13,14;,
3;13,12,15;,
3;16,17,18;,
3;17,16,19;,
3;20,21,22;,
3;21,20,23;;

MeshNormals {
24; // 24 normals 
-0.707107;0.707107;0.000000;,
-0.707107;0.707107;0.000000;,
-0.707107;0.707107;0.000000;,
-0.707107;0.707107;0.000000;,
0.707107;-0.707107;0.000000;,
0.707107;-0.707107;0.000000;,
0.707107;-0.707107;0.000000;,
0.707107;-0.707107;0.000000;,
0.000000;0.000000;-1.000000;,
0.000000;0.000000;-1.000000;,
0.000000;0.000000;-1.000000;,
0.000000;0.000000;-1.000000;,
-0.707107;-0.707107;0.000000;,
-0.707107;-0.707107;0.000000;,
-0.707107;-0.707107;0.000000;,
-0.707107;-0.707107;0.000000;,
0.000000;0.000000;1.000000;,
0.000000;0.000000;1.000000;,
0.000000;0.000000;1.000000;,
0.000000;0.000000;1.000000;,
0.707107;0.707107;0.000000;,
0.707107;0.707107;0.000000;,
0.707107;0.707107;0.000000;,
0.707107;0.707107;0.000000;;

12; // 12 faces 
3;0,1,2;,
3;1,0,3;,
3;4,5,6;,
3;5,4,7;,
3;8,9,10;,
3;9,8,11;,
3;12,13,14;,
3;13,12,15;,
3;16,17,18;,
3;17,16,19;,
3;20,21,22;,
3;21,20,23;;
}
MeshMaterialList {
 1; // Number of unique materials
 12; // Number of faces
0,0,0,0,0,0,0,0,0,0,0,0;;
Material {
0.588000;0.588000;0.588000;1.000000;;
0.0;
0.900000;0.900000;0.900000;;
1.000000;0.000000;0.000000;;
TextureFilename {"Texture/blocks/redstone_torch_on.png;2";}
}
}// materials
MeshTextureCoords {
24; // 24 UV
0.455933;-0.518228;,
0.538462;-0.603742;,
0.455603;-0.603466;,
0.538462;-0.518609;,
0.538013;-0.018225;,
0.455386;-0.018165;,
0.538013;-0.018225;,
0.455386;-0.018165;,
0.455603;-0.603354;,
0.538013;-0.018225;,
0.538477;-0.603923;,
0.455386;-0.018165;,
0.538477;-0.603923;,
0.455386;-0.018165;,
0.455603;-0.603685;,
0.538013;-0.018225;,
0.538477;-0.603923;,
0.455386;-0.018165;,
0.455603;-0.603354;,
0.538013;-0.018225;,
0.455603;-0.603734;,
0.538013;-0.018225;,
0.538477;-0.603923;,
0.455386;-0.018165;;
}// UV
}// mesh
