xof 0303txt 0032
// Exported by ParaEngine X file exporter V0.2
ParaXHeader header{
112,97,114,97;
1,0,0,0;
1;
0;
-0.500000;-0.500000;-0.500000;;
0.500000;0.226067;0.500000;;
3;
}
Mesh mesh_object{
8; // 8 vertices 
0.000000;-0.500000;-0.500000;,
-0.000000;0.226067;0.500000;,
-0.000000;0.226067;-0.500000;,
0.000000;-0.500000;0.500000;,
0.500000;-0.500000;0.000000;,
-0.500000;0.226067;-0.000000;,
0.500000;0.226067;0.000000;,
-0.500000;-0.500000;-0.000000;;

4; // 4 faces 
3;0,1,2;,
3;1,0,3;,
3;4,5,6;,
3;5,4,7;;

MeshNormals {
8; // 8 normals 
-1.000000;-0.000000;0.000000;,
-1.000000;-0.000000;0.000000;,
-1.000000;-0.000000;0.000000;,
-1.000000;-0.000000;0.000000;,
0.000000;0.000000;-1.000000;,
0.000000;0.000000;-1.000000;,
0.000000;0.000000;-1.000000;,
0.000000;0.000000;-1.000000;;

4; // 4 faces 
3;0,1,2;,
3;1,0,3;,
3;4,5,6;,
3;5,4,7;;
}
MeshMaterialList {
 1; // Number of unique materials
 4; // Number of faces
0,0,0,0;;
Material {
0.588000;0.588000;0.588000;1.000000;;
3000.0;
0.900000;0.900000;0.900000;;
1.000000;0.000000;0.000000;;
TextureFilename {"Texture/blocks/fern.dds";}
}
}// materials
MeshTextureCoords {
8; // 8 UV
1.000000;-0.000000;,
0.000000;-1.000000;,
1.000000;-1.000000;,
-0.000000;-0.000000;,
1.000000;-0.000000;,
0.000000;-1.000000;,
1.000000;-1.000000;,
-0.000000;-0.000000;;
}// UV
}// mesh
