xof 0303txt 0032
// Exported by ParaEngine X file exporter V0.2
ParaXHeader header{
112,97,114,97;
1,0,0,0;
1;
0;
-0.077645;-0.500000;-0.500000;;
0.077645;0.500000;0.500000;;
3;
}
Mesh mesh_object{
24; // 24 vertices 
-0.077645;-0.500000;0.500000;,
0.077645;0.500000;0.500000;,
-0.077645;0.500000;0.500000;,
0.077645;-0.500000;0.500000;,
-0.077645;-0.500000;-0.500000;,
0.077645;0.500000;-0.500000;,
0.077645;-0.500000;-0.500000;,
-0.077645;0.500000;-0.500000;,
-0.077645;-0.500000;0.500000;,
0.077645;-0.500000;-0.500000;,
0.077645;-0.500000;0.500000;,
-0.077645;-0.500000;-0.500000;,
0.077645;-0.500000;0.500000;,
0.077645;0.500000;-0.500000;,
0.077645;0.500000;0.500000;,
0.077645;-0.500000;-0.500000;,
0.077645;0.500000;0.500000;,
-0.077645;0.500000;-0.500000;,
-0.077645;0.500000;0.500000;,
0.077645;0.500000;-0.500000;,
-0.077645;0.500000;0.500000;,
-0.077645;-0.500000;-0.500000;,
-0.077645;-0.500000;0.500000;,
-0.077645;0.500000;-0.500000;;

12; // 12 faces 
3;0,1,2;,
3;1,0,3;,
3;4,5,6;,
3;5,4,7;,
3;8,9,10;,
3;9,8,11;,
3;12,13,14;,
3;13,12,15;,
3;16,17,18;,
3;17,16,19;,
3;20,21,22;,
3;21,20,23;;

MeshNormals {
24; // 24 normals 
0.000000;0.000000;1.000000;,
0.000000;0.000000;1.000000;,
0.000000;0.000000;1.000000;,
0.000000;0.000000;1.000000;,
0.000000;0.000000;-1.000000;,
0.000000;0.000000;-1.000000;,
0.000000;0.000000;-1.000000;,
0.000000;0.000000;-1.000000;,
0.000000;-1.000000;0.000000;,
0.000000;-1.000000;0.000000;,
0.000000;-1.000000;0.000000;,
0.000000;-1.000000;0.000000;,
1.000000;0.000000;0.000000;,
1.000000;0.000000;0.000000;,
1.000000;0.000000;0.000000;,
1.000000;0.000000;0.000000;,
0.000000;1.000000;0.000000;,
0.000000;1.000000;0.000000;,
0.000000;1.000000;0.000000;,
0.000000;1.000000;0.000000;,
-1.000000;0.000000;0.000000;,
-1.000000;0.000000;0.000000;,
-1.000000;0.000000;0.000000;,
-1.000000;0.000000;0.000000;;

12; // 12 faces 
3;0,1,2;,
3;1,0,3;,
3;4,5,6;,
3;5,4,7;,
3;8,9,10;,
3;9,8,11;,
3;12,13,14;,
3;13,12,15;,
3;16,17,18;,
3;17,16,19;,
3;20,21,22;,
3;21,20,23;;
}
MeshMaterialList {
 1; // Number of unique materials
 12; // Number of faces
0,0,0,0,0,0,0,0,0,0,0,0;;
Material {
0.588000;0.588000;0.588000;1.000000;;
0.0;
0.900000;0.900000;0.900000;;
1.000000;0.000000;0.000000;;
TextureFilename {"Texture/blocks/door_wood_upper.png";}
}
}// materials
MeshTextureCoords {
24; // 24 UV
0.770306;-0.619889;,
0.925899;-0.887330;,
0.770306;-0.887330;,
0.925899;-0.619889;,
0.548604;-0.868711;,
0.416746;-0.638508;,
0.416746;-0.868711;,
0.548604;-0.638508;,
0.995730;-0.675813;,
0.001980;-0.831406;,
0.995730;-0.831406;,
0.001980;-0.675813;,
0.995730;-0.831406;,
0.001980;-0.987000;,
0.995730;-0.987000;,
0.001980;-0.831406;,
0.995730;-0.987000;,
0.001980;-0.881614;,
0.995730;-0.881614;,
0.001980;-0.987000;,
0.995730;-0.517593;,
0.001980;-0.675813;,
0.995730;-0.675813;,
0.001980;-0.517593;;
}// UV
}// mesh
