xof 0303txt 0032
// Exported by ParaEngine X file exporter V0.2
ParaXHeader header{
112,97,114,97;
1,0,0,0;
1;
0;
-0.500000;-0.500000;-0.500000;;
0.596194;0.500000;0.500000;;
3;
}
Mesh mesh_object{
64; // 64 vertices 
-0.500000;-0.500000;-0.500000;,
0.500000;-0.500000;0.500000;,
-0.500000;-0.500000;0.500000;,
0.500000;-0.500000;-0.500000;,
-0.500000;0.500000;-0.500000;,
0.500000;0.500000;0.500000;,
0.500000;0.500000;-0.500000;,
-0.500000;0.500000;0.500000;,
0.500000;-0.500000;-0.500000;,
-0.500000;0.135594;-0.500000;,
0.500000;0.135594;-0.500000;,
-0.500000;-0.500000;-0.500000;,
0.500000;-0.500000;0.500000;,
0.500000;0.135594;-0.500000;,
0.500000;0.135594;0.500000;,
0.500000;-0.500000;-0.500000;,
-0.500000;-0.500000;0.500000;,
0.500000;0.135594;0.500000;,
-0.500000;0.135594;0.500000;,
0.500000;-0.500000;0.500000;,
-0.500000;-0.500000;-0.500000;,
-0.500000;0.135594;0.500000;,
-0.500000;0.135594;-0.500000;,
-0.500000;-0.500000;0.500000;,
0.500000;0.500000;-0.500000;,
-0.500000;0.138985;-0.500000;,
-0.500000;0.500000;-0.500000;,
0.500000;0.138985;-0.500000;,
0.500000;0.500000;0.500000;,
0.500000;0.138985;-0.500000;,
0.500000;0.500000;-0.500000;,
0.500000;0.138985;0.500000;,
-0.500000;0.500000;0.500000;,
0.500000;0.138985;0.500000;,
0.500000;0.500000;0.500000;,
-0.500000;0.138985;0.500000;,
-0.500000;0.500000;-0.500000;,
-0.500000;0.138985;0.500000;,
-0.500000;0.500000;0.500000;,
-0.500000;0.138985;-0.500000;,
0.486765;-0.021083;-0.102923;,
0.596194;-0.021083;0.102923;,
0.486765;-0.021083;0.102923;,
0.596194;-0.021083;-0.102923;,
0.596194;-0.021083;-0.102923;,
0.486765;0.316205;-0.102923;,
0.596194;0.316205;-0.102923;,
0.486765;-0.021083;-0.102923;,
0.596194;-0.021083;0.102923;,
0.596194;0.316205;-0.102923;,
0.596194;0.316205;0.102923;,
0.596194;-0.021083;-0.102923;,
0.486765;-0.021083;0.102923;,
0.596194;0.316205;0.102923;,
0.486765;0.316205;0.102923;,
0.596194;-0.021083;0.102923;,
0.486765;-0.021083;-0.102923;,
0.486765;0.316205;0.102923;,
0.486765;0.316205;-0.102923;,
0.486765;-0.021083;0.102923;,
0.486765;0.316205;-0.102923;,
0.596194;0.316205;0.102923;,
0.596194;0.316205;-0.102923;,
0.486765;0.316205;0.102923;;

32; // 32 faces 
3;0,1,2;,
3;1,0,3;,
3;4,5,6;,
3;5,4,7;,
3;8,9,10;,
3;9,8,11;,
3;12,13,14;,
3;13,12,15;,
3;16,17,18;,
3;17,16,19;,
3;20,21,22;,
3;21,20,23;,
3;24,25,26;,
3;25,24,27;,
3;28,29,30;,
3;29,28,31;,
3;32,33,34;,
3;33,32,35;,
3;36,37,38;,
3;37,36,39;,
3;40,41,42;,
3;41,40,43;,
3;44,45,46;,
3;45,44,47;,
3;48,49,50;,
3;49,48,51;,
3;52,53,54;,
3;53,52,55;,
3;56,57,58;,
3;57,56,59;,
3;60,61,62;,
3;61,60,63;;

MeshNormals {
64; // 64 normals 
0.000000;-1.000000;0.000000;,
0.000000;-1.000000;0.000000;,
0.000000;-1.000000;0.000000;,
0.000000;-1.000000;0.000000;,
0.000000;1.000000;0.000000;,
0.000000;1.000000;0.000000;,
0.000000;1.000000;0.000000;,
0.000000;1.000000;0.000000;,
0.000000;0.000000;-1.000000;,
0.000000;0.000000;-1.000000;,
0.000000;0.000000;-1.000000;,
0.000000;0.000000;-1.000000;,
1.000000;0.000000;0.000000;,
1.000000;0.000000;0.000000;,
1.000000;0.000000;0.000000;,
1.000000;0.000000;0.000000;,
0.000000;0.000000;1.000000;,
0.000000;0.000000;1.000000;,
0.000000;0.000000;1.000000;,
0.000000;0.000000;1.000000;,
-1.000000;0.000000;0.000000;,
-1.000000;0.000000;0.000000;,
-1.000000;0.000000;0.000000;,
-1.000000;0.000000;0.000000;,
0.000000;0.000000;-1.000000;,
0.000000;0.000000;-1.000000;,
0.000000;0.000000;-1.000000;,
0.000000;0.000000;-1.000000;,
1.000000;0.000000;0.000000;,
1.000000;0.000000;0.000000;,
1.000000;0.000000;0.000000;,
1.000000;0.000000;0.000000;,
0.000000;0.000000;1.000000;,
0.000000;0.000000;1.000000;,
0.000000;0.000000;1.000000;,
0.000000;0.000000;1.000000;,
-1.000000;0.000000;0.000000;,
-1.000000;0.000000;0.000000;,
-1.000000;0.000000;0.000000;,
-1.000000;0.000000;0.000000;,
0.000000;-1.000000;0.000000;,
0.000000;-1.000000;0.000000;,
0.000000;-1.000000;0.000000;,
0.000000;-1.000000;0.000000;,
0.000000;0.000000;-1.000000;,
0.000000;0.000000;-1.000000;,
0.000000;0.000000;-1.000000;,
0.000000;0.000000;-1.000000;,
1.000000;0.000000;0.000000;,
1.000000;0.000000;0.000000;,
1.000000;0.000000;0.000000;,
1.000000;0.000000;0.000000;,
0.000000;0.000000;1.000000;,
0.000000;0.000000;1.000000;,
0.000000;0.000000;1.000000;,
0.000000;0.000000;1.000000;,
-1.000000;0.000000;0.000000;,
-1.000000;0.000000;0.000000;,
-1.000000;0.000000;0.000000;,
-1.000000;0.000000;0.000000;,
0.000000;1.000000;0.000000;,
0.000000;1.000000;0.000000;,
0.000000;1.000000;0.000000;,
0.000000;1.000000;0.000000;;

32; // 32 faces 
3;0,1,2;,
3;1,0,3;,
3;4,5,6;,
3;5,4,7;,
3;8,9,10;,
3;9,8,11;,
3;12,13,14;,
3;13,12,15;,
3;16,17,18;,
3;17,16,19;,
3;20,21,22;,
3;21,20,23;,
3;24,25,26;,
3;25,24,27;,
3;28,29,30;,
3;29,28,31;,
3;32,33,34;,
3;33,32,35;,
3;36,37,38;,
3;37,36,39;,
3;40,41,42;,
3;41,40,43;,
3;44,45,46;,
3;45,44,47;,
3;48,49,50;,
3;49,48,51;,
3;52,53,54;,
3;53,52,55;,
3;56,57,58;,
3;57,56,59;,
3;60,61,62;,
3;61,60,63;;
}
MeshMaterialList {
 1; // Number of unique materials
 32; // Number of faces
0,0,0,0,0,0,0,0,0,0,0,0,0,0,0,0,0,0,0,0,0,0,0,0,0,0,0,0,0,0,0,0;;
Material {
0.588000;0.588000;0.588000;1.000000;;
3000.0;
0.900000;0.900000;0.900000;;
1.000000;0.000000;0.000000;;
TextureFilename {"model/blockworld/Chest/Chest.png";}
}
}// materials
MeshTextureCoords {
64; // 64 UV
0.500000;-0.502196;,
0.000000;-0.999000;,
0.500000;-0.999000;,
0.000000;-0.502196;,
0.000000;-0.502196;,
0.500000;-0.999000;,
0.500000;-0.502196;,
0.000000;-0.999000;,
0.500000;-0.000000;,
0.000000;-0.317797;,
0.500000;-0.317797;,
0.000000;-0.000000;,
0.500000;-0.000000;,
0.000000;-0.317797;,
0.500000;-0.317797;,
0.000000;-0.000000;,
0.500000;-0.000000;,
0.000000;-0.317797;,
0.500000;-0.317797;,
0.000000;-0.000000;,
0.500000;-0.000000;,
0.000000;-0.317797;,
0.500000;-0.317797;,
0.000000;-0.000000;,
0.500000;-0.500000;,
0.000000;-0.319493;,
0.000000;-0.500000;,
0.500000;-0.319493;,
0.500000;-0.500000;,
0.000000;-0.319493;,
0.000000;-0.500000;,
0.500000;-0.319493;,
0.500000;-0.500000;,
0.000000;-0.319493;,
0.000000;-0.500000;,
0.500000;-0.319493;,
0.500000;-0.500000;,
0.000000;-0.319493;,
0.000000;-0.500000;,
0.500000;-0.319493;,
0.786864;-0.469996;,
0.696610;-0.528320;,
0.786864;-0.528320;,
0.696610;-0.469996;,
0.814065;-0.527953;,
0.652656;-0.470353;,
0.652656;-0.527953;,
0.814065;-0.470353;,
0.814065;-0.527953;,
0.652656;-0.470353;,
0.652656;-0.527953;,
0.814065;-0.470353;,
0.814065;-0.527953;,
0.652656;-0.470353;,
0.652656;-0.527953;,
0.814065;-0.470353;,
0.814065;-0.527953;,
0.652656;-0.470353;,
0.652656;-0.527953;,
0.814065;-0.470353;,
0.786864;-0.469996;,
0.696610;-0.528320;,
0.696610;-0.469996;,
0.786864;-0.528320;;
}// UV
}// mesh
